<?xml version="1.0" encoding="utf-8"?>
<COLLADA xmlns="http://www.collada.org/2005/11/COLLADASchema" version="1.4.1">
  <asset><contributor><author></author><authoring_tool>FBX COLLADA exporter</authoring_tool><comments></comments></contributor><created>2020-07-02T09:46:29Z</created><keywords></keywords><modified>2020-07-02T09:46:29Z</modified><revision></revision><subject></subject><title></title><unit meter="0.010000" name="centimeter"></unit><up_axis>Y_UP</up_axis></asset>
  <library_animations>
    <animation id="jnt_cam_launch-anim" name="jnt_cam_launch"><animation><source id="jnt_cam_launch-Matrix-animation-input"><float_array id="jnt_cam_launch-Matrix-animation-input-array" count="201">

0.000000 0.041667 0.083333 0.125000 0.166667 0.208333 0.250000 0.291667 0.333333 0.375000 0.416667 0.458333 0.500000 0.541667 0.583333 0.625000
0.666667 0.708333 0.750000 0.791667 0.833333 0.875000 0.916667 0.958333 1.000000 1.041667 1.083333 1.125000 1.166667 1.208333 1.250000 1.291667
1.333333 1.375000 1.416667 1.458333 1.500000 1.541667 1.583333 1.625000 1.666667 1.708333 1.750000 1.791667 1.833333 1.875000 1.916667 1.958333
2.000000 2.041667 2.083333 2.125000 2.166667 2.208333 2.250000 2.291667 2.333333 2.375000 2.416667 2.458333 2.500000 2.541667 2.583333 2.625000
2.666667 2.708333 2.750000 2.791667 2.833333 2.875000 2.916667 2.958333 3.000000 3.041667 3.083333 3.125000 3.166667 3.208333 3.250000 3.291667
3.333333 3.375000 3.416667 3.458333 3.500000 3.541667 3.583333 3.625000 3.666667 3.708333 3.750000 3.791667 3.833333 3.875000 3.916667 3.958333
4.000000 4.041667 4.083333 4.125000 4.166667 4.208333 4.250000 4.291667 4.333333 4.375000 4.416667 4.458333 4.500000 4.541667 4.583333 4.625000
4.666667 4.708333 4.750000 4.791667 4.833333 4.875000 4.916667 4.958333 5.000000 5.041667 5.083333 5.125000 5.166667 5.208333 5.250000 5.291667
5.333333 5.375000 5.416667 5.458333 5.500000 5.541667 5.583333 5.625000 5.666667 5.708333 5.750000 5.791667 5.833333 5.875000 5.916667 5.958333
6.000000 6.041667 6.083333 6.125000 6.166667 6.208333 6.250000 6.291667 6.333333 6.375000 6.416667 6.458333 6.500000 6.541667 6.583333 6.625000
6.666667 6.708333 6.750000 6.791667 6.833333 6.875000 6.916667 6.958333 7.000000 7.041667 7.083333 7.125000 7.166667 7.208333 7.250000 7.291667
7.333333 7.375000 7.416667 7.458333 7.500000 7.541667 7.583333 7.625000 7.666667 7.708333 7.750000 7.791667 7.833333 7.875000 7.916667 7.958333
8.000000 8.041667 8.083333 8.125000 8.166667 8.208333 8.250000 8.291667 8.333333</float_array><technique_common><accessor source="#jnt_cam_launch-Matrix-animation-input-array" count="201"><param name="TIME" type="float"/></accessor></technique_common></source><source id="jnt_cam_launch-Matrix-animation-output-transform"><float_array id="jnt_cam_launch-Matrix-animation-output-transform-array" count="3216">

-0.459681 -0.189001 0.867739 4.416648 -0.380269 0.924876 -0.000000 6.953655 -0.802551 -0.329975 -0.497019 7.710968 0.000000 0.000000 0.000000 1.000000
-0.459673 -0.189014 0.867741 4.416648 -0.380263 0.924879 0.000021 6.953655 -0.802559 -0.329960 -0.497017 7.710968 0.000000 0.000000 0.000000 1.000000
-0.459649 -0.189050 0.867746 4.416648 -0.380243 0.924887 0.000083 6.953655 -0.802583 -0.329916 -0.497008 7.710968 0.000000 0.000000 0.000000 1.000000
-0.459609 -0.189103 0.867756 4.416648 -0.380210 0.924900 0.000177 6.953655 -0.802621 -0.329848 -0.496991 7.710968 0.000000 0.000000 0.000000 1.000000
-0.459554 -0.189167 0.867771 4.416648 -0.380164 0.924919 0.000297 6.953655 -0.802674 -0.329759 -0.496965 7.710968 0.000000 0.000000 0.000000 1.000000
-0.459485 -0.189234 0.867793 4.416648 -0.380107 0.924942 0.000435 6.953655 -0.802740 -0.329654 -0.496926 7.710968 0.000000 0.000000 0.000000 1.000000
-0.459402 -0.189299 0.867823 4.416648 -0.380038 0.924971 0.000582 6.953655 -0.802820 -0.329538 -0.496874 7.710968 0.000000 0.000000 0.000000 1.000000
-0.459306 -0.189355 0.867861 4.416648 -0.379959 0.925003 0.000734 6.953655 -0.802913 -0.329414 -0.496807 7.710968 0.000000 0.000000 0.000000 1.000000
-0.459197 -0.189400 0.867909 4.416648 -0.379869 0.925040 0.000885 6.953655 -0.803018 -0.329285 -0.496722 7.710968 0.000000 0.000000 0.000000 1.000000
-0.459076 -0.189431 0.867966 4.416648 -0.379769 0.925081 0.001032 6.953655 -0.803135 -0.329152 -0.496622 7.710968 0.000000 0.000000 0.000000 1.000000
-0.458943 -0.189445 0.868033 4.416648 -0.379659 0.925126 0.001174 6.953655 -0.803262 -0.329018 -0.496505 7.710968 0.000000 0.000000 0.000000 1.000000
-0.458799 -0.189443 0.868110 4.416648 -0.379540 0.925174 0.001307 6.953655 -0.803400 -0.328883 -0.496371 7.710968 0.000000 0.000000 0.000000 1.000000
-0.458645 -0.189424 0.868195 4.416648 -0.379413 0.925226 0.001433 6.953655 -0.803549 -0.328747 -0.496221 7.710968 0.000000 0.000000 0.000000 1.000000
-0.458481 -0.189388 0.868290 4.416648 -0.379277 0.925282 0.001550 6.953655 -0.803706 -0.328612 -0.496055 7.710968 0.000000 0.000000 0.000000 1.000000
-0.458308 -0.189336 0.868393 4.416648 -0.379134 0.925340 0.001658 6.953655 -0.803873 -0.328477 -0.495875 7.710968 0.000000 0.000000 0.000000 1.000000
-0.458126 -0.189268 0.868503 4.416648 -0.378983 0.925402 0.001758 6.953655 -0.804047 -0.328343 -0.495680 7.710968 0.000000 0.000000 0.000000 1.000000
-0.457936 -0.189185 0.868622 4.416648 -0.378826 0.925466 0.001849 6.953655 -0.804230 -0.328210 -0.495473 7.710968 0.000000 0.000000 0.000000 1.000000
-0.457739 -0.189089 0.868747 4.416648 -0.378662 0.925533 0.001933 6.953655 -0.804419 -0.328077 -0.495253 7.710968 0.000000 0.000000 0.000000 1.000000
-0.457534 -0.188979 0.868879 4.416648 -0.378493 0.925602 0.002009 6.953655 -0.804615 -0.327945 -0.495021 7.710968 0.000000 0.000000 0.000000 1.000000
-0.457323 -0.188857 0.869016 4.416648 -0.378318 0.925673 0.002079 6.953655 -0.804818 -0.327814 -0.494779 7.710968 0.000000 0.000000 0.000000 1.000000
-0.457105 -0.188724 0.869159 4.416648 -0.378139 0.925746 0.002141 6.953655 -0.805025 -0.327684 -0.494528 7.710968 0.000000 0.000000 0.000000 1.000000
-0.456907 -0.188523 0.869308 4.416648 -0.377837 0.925869 0.002198 6.953655 -0.805280 -0.327453 -0.494267 7.710968 0.000000 0.000000 0.000000 1.000000
-0.456741 -0.188218 0.869460 4.416648 -0.377342 0.926071 0.002249 6.953655 -0.805606 -0.327057 -0.493997 7.710968 0.000000 0.000000 0.000000 1.000000
-0.456601 -0.187831 0.869618 4.416648 -0.376694 0.926335 0.002295 6.953655 -0.805988 -0.326532 -0.493721 7.710968 0.000000 0.000000 0.000000 1.000000
-0.456483 -0.187373 0.869778 4.416648 -0.375914 0.926652 0.002336 6.953655 -0.806419 -0.325896 -0.493437 7.710968 0.000000 0.000000 0.000000 1.000000
-0.456385 -0.186849 0.869943 4.416648 -0.375011 0.927017 0.002372 6.953655 -0.806895 -0.325155 -0.493147 7.710968 0.000000 0.000000 0.000000 1.000000
-0.456308 -0.186260 0.870109 4.416648 -0.373984 0.927432 0.002403 6.953655 -0.807415 -0.324311 -0.492853 7.710968 0.000000 0.000000 0.000000 1.000000
-0.456255 -0.185599 0.870278 4.416648 -0.372822 0.927900 0.002430 6.953655 -0.807982 -0.323350 -0.492554 7.710968 0.000000 0.000000 0.000000 1.000000
-0.456232 -0.184851 0.870450 4.416648 -0.371492 0.928433 0.002454 6.953655 -0.808608 -0.322245 -0.492251 7.710968 0.000000 0.000000 0.000000 1.000000
-0.456255 -0.183980 0.870622 4.416648 -0.369915 0.929062 0.002473 6.953655 -0.809317 -0.320928 -0.491946 7.710968 0.000000 0.000000 0.000000 1.000000
-0.456380 -0.182842 0.870796 4.416648 -0.367802 0.929901 0.002489 6.953655 -0.810209 -0.319145 -0.491637 7.710968 0.000000 0.000000 0.000000 1.000000
-0.456657 -0.181307 0.870972 4.416648 -0.364882 0.931050 0.002503 6.953655 -0.811373 -0.316659 -0.491326 7.710968 0.000000 0.000000 0.000000 1.000000
-0.457046 -0.179469 0.871149 4.416648 -0.361348 0.932427 0.002513 6.953655 -0.812734 -0.313640 -0.491013 7.710968 0.000000 0.000000 0.000000 1.000000
-0.457694 -0.176934 0.871327 4.416648 -0.356392 0.934333 0.002521 6.953655 -0.814556 -0.309380 -0.490696 7.710968 0.000000 0.000000 0.000000 1.000000
-0.459476 -0.171311 0.871513 4.416648 -0.345128 0.938552 0.002532 6.953655 -0.818394 -0.299620 -0.490367 7.710968 0.000000 0.000000 0.000000 1.000000
-0.469964 -0.138383 0.871771 4.416648 -0.278046 0.960564 0.002586 6.953655 -0.837749 -0.241177 -0.489908 7.710968 0.000000 0.000000 0.000000 1.000000
-0.478748 -0.101760 0.872035 4.416648 -0.203309 0.979111 0.002638 6.953655 -0.854088 -0.176030 -0.489436 7.710968 0.000000 0.000000 0.000000 1.000000
-0.486859 -0.044384 0.872352 4.416648 -0.085962 0.996295 0.002714 6.953655 -0.869240 -0.073668 -0.488870 7.710968 0.000000 0.000000 0.000000 1.000000
-0.488008 0.016651 0.872680 4.416648 0.039082 0.999232 0.002789 6.953655 -0.871964 0.035468 -0.488284 7.710968 0.000000 0.000000 0.000000 1.000000
-0.480870 0.081154 0.873028 4.416648 0.171469 0.985185 0.002867 6.953655 -0.859862 0.151076 -0.487662 7.710968 0.000000 0.000000 0.000000 1.000000
-0.463733 0.148696 0.873408 4.416648 0.310375 0.950610 0.002953 6.953655 -0.829831 0.272453 -0.486980 7.710968 0.000000 0.000000 0.000000 1.000000
-0.433784 0.219574 0.873853 4.416648 0.456525 0.889705 0.003064 6.953655 -0.776799 0.400265 -0.486181 7.710968 0.000000 0.000000 0.000000 1.000000
-0.392963 0.284694 0.874374 4.416648 0.591351 0.806408 0.003202 6.953655 -0.704191 0.518320 -0.485242 7.710968 0.000000 0.000000 0.000000 1.000000
-0.351775 0.332803 0.874927 4.416648 0.691617 0.722257 0.003343 6.953655 -0.630809 0.606290 -0.484244 7.710968 0.000000 0.000000 0.000000 1.000000
-0.315164 0.366312 0.875493 4.416648 0.762135 0.647409 0.003477 6.953655 -0.565528 0.668339 -0.483219 7.710968 0.000000 0.000000 0.000000 1.000000
-0.282078 0.391001 0.876100 4.416648 0.814809 0.579718 0.003618 6.953655 -0.506476 0.714875 -0.482116 7.710968 0.000000 0.000000 0.000000 1.000000
-0.251427 0.409911 0.876788 4.416648 0.856002 0.516958 0.003781 6.953655 -0.451713 0.751483 -0.480862 7.710968 0.000000 0.000000 0.000000 1.000000
-0.222611 0.424542 0.877615 4.416648 0.888993 0.457904 0.003988 6.953655 -0.400170 0.781081 -0.479350 7.710968 0.000000 0.000000 0.000000 1.000000
-0.196913 0.435080 0.878596 4.416648 0.914216 0.405205 0.004239 6.953655 -0.354167 0.804061 -0.477548 7.710968 0.000000 0.000000 0.000000 1.000000
-0.175162 0.442056 0.879719 4.416648 0.932719 0.360576 0.004527 6.953655 -0.315204 0.821323 -0.475473 7.710968 0.000000 0.000000 0.000000 1.000000
-0.156587 0.446397 0.881028 4.416648 0.946576 0.322444 0.004862 6.953655 -0.281911 0.834722 -0.473039 7.710968 0.000000 0.000000 0.000000 1.000000
-0.140585 0.448639 0.882586 4.416648 0.957141 0.289574 0.005263 6.953655 -0.253213 0.845500 -0.470121 7.710968 0.000000 0.000000 0.000000 1.000000
-0.126689 0.449038 0.884486 4.416648 0.965319 0.261010 0.005757 6.953655 -0.228274 0.854540 -0.466532 7.710968 0.000000 0.000000 0.000000 1.000000
-0.114535 0.447605 0.886866 4.416648 0.971731 0.236006 0.006382 6.953655 -0.206449 0.862526 -0.461982 7.710968 0.000000 0.000000 0.000000 1.000000
-0.104419 0.444521 0.889662 4.416648 0.976550 0.215175 0.007105 6.953655 -0.188275 0.869541 -0.456565 7.710968 0.000000 0.000000 0.000000 1.000000
-0.096082 0.440086 0.892800 4.416648 0.980173 0.197986 0.007892 6.953655 -0.173289 0.875857 -0.450383 7.710968 0.000000 0.000000 0.000000 1.000000
-0.088486 0.433296 0.896897 4.416648 0.983204 0.182292 0.008935 6.953655 -0.159626 0.882623 -0.442149 7.710968 0.000000 0.000000 0.000000 1.000000
-0.081294 0.422125 0.902885 4.416648 0.985838 0.167368 0.010513 6.953655 -0.146676 0.890954 -0.429753 7.710968 0.000000 0.000000 0.000000 1.000000
-0.074677 0.403940 0.911732 4.416648 0.988061 0.153523 0.012911 6.953655 -0.134756 0.901811 -0.410582 7.710968 0.000000 0.000000 0.000000 1.000000
-0.068764 0.375762 0.924161 4.416648 0.989885 0.140928 0.016353 6.953655 -0.124095 0.915938 -0.381652 7.710968 0.000000 0.000000 0.000000 1.000000
-0.063549 0.346626 0.935848 4.416648 0.991367 0.129692 0.019283 6.953655 -0.114688 0.928994 -0.351875 7.710968 0.000000 0.000000 0.000000 1.000000
-0.000000 -0.000000 -1.000000 0.000000 -0.987273 -0.159035 0.000000 83.791740 -0.159035 0.987273 -0.000000 1.248948 0.000000 0.000000 0.000000 1.000000
-0.000000 -0.000000 -1.000000 0.000000 -0.987273 -0.159035 0.000000 89.623787 -0.159035 0.987273 -0.000000 1.248948 0.000000 0.000000 0.000000 1.000000
-0.000000 -0.000000 -1.000000 0.000000 -0.987273 -0.159035 0.000000 95.775490 -0.159035 0.987273 -0.000000 1.248948 0.000000 0.000000 0.000000 1.000000
-0.000000 -0.000000 -1.000000 0.000000 -0.987273 -0.159035 0.000000 102.268776 -0.159035 0.987273 -0.000000 1.248948 0.000000 0.000000 0.000000 1.000000
-0.000000 -0.000000 -1.000000 0.000000 -0.987273 -0.159035 0.000000 109.127991 -0.159035 0.987273 -0.000000 1.248948 0.000000 0.000000 0.000000 1.000000
-0.000000 -0.000000 -1.000000 0.000000 -0.987273 -0.159035 0.000000 116.380287 -0.159035 0.987273 -0.000000 1.248948 0.000000 0.000000 0.000000 1.000000
-0.000000 -0.000000 -1.000000 0.000000 -0.987273 -0.159035 0.000000 124.056053 -0.159035 0.987273 -0.000000 1.248948 0.000000 0.000000 0.000000 1.000000
-0.000000 -0.000000 -1.000000 0.000000 -0.987273 -0.159035 0.000000 132.189453 -0.159035 0.987273 -0.000000 1.248948 0.000000 0.000000 0.000000 1.000000
-0.000000 -0.000000 -1.000000 0.000000 -0.987273 -0.159035 0.000000 140.819077 -0.159035 0.987273 -0.000000 1.248948 0.000000 0.000000 0.000000 1.000000
-0.000000 -0.000000 -1.000000 0.000000 -0.987273 -0.159035 0.000000 149.988800 -0.159035 0.987273 -0.000000 1.248948 0.000000 0.000000 0.000000 1.000000
-0.000000 -0.000000 -1.000000 0.000000 -0.987273 -0.159035 0.000000 159.748657 -0.159035 0.987273 -0.000000 1.248948 0.000000 0.000000 0.000000 1.000000
-0.000000 -0.000000 -1.000000 0.000000 -0.987273 -0.159035 0.000000 170.156189 -0.159035 0.987273 -0.000000 1.248948 0.000000 0.000000 0.000000 1.000000
-0.000000 -0.000000 -1.000000 0.000000 -0.987273 -0.159035 0.000000 181.277893 -0.159035 0.987273 -0.000000 1.248948 0.000000 0.000000 0.000000 1.000000
-0.000000 -0.000000 -1.000000 0.000000 -0.987273 -0.159035 0.000000 193.191208 -0.159035 0.987273 -0.000000 1.248948 0.000000 0.000000 0.000000 1.000000
-0.000000 -0.000000 -1.000000 0.000000 -0.987273 -0.159035 0.000000 205.986938 -0.159035 0.987273 -0.000000 1.248948 0.000000 0.000000 0.000000 1.000000
-0.000000 -0.000000 -1.000000 0.000000 -0.987273 -0.159035 0.000000 219.772491 -0.159035 0.987273 -0.000000 1.248948 0.000000 0.000000 0.000000 1.000000
-0.000000 -0.000000 -1.000000 0.000000 -0.987273 -0.159035 0.000000 234.675980 -0.159035 0.987273 -0.000000 1.248948 0.000000 0.000000 0.000000 1.000000
-0.000000 -0.000000 -1.000000 0.000000 -0.987273 -0.159035 0.000000 250.851532 -0.159035 0.987273 -0.000000 1.248948 0.000000 0.000000 0.000000 1.000000
-0.000000 -0.000000 -1.000000 0.000000 -0.987273 -0.159035 0.000000 268.486359 -0.159035 0.987273 -0.000000 1.248948 0.000000 0.000000 0.000000 1.000000
-0.000000 -0.000000 -1.000000 0.000000 -0.987273 -0.159035 0.000000 287.809845 -0.159035 0.987273 -0.000000 1.248948 0.000000 0.000000 0.000000 1.000000
-0.000000 -0.000000 -1.000000 0.000000 -0.987273 -0.159035 0.000000 309.105530 -0.159035 0.987273 -0.000000 1.248948 0.000000 0.000000 0.000000 1.000000
-0.000000 -0.000000 -1.000000 0.000000 -0.987273 -0.159035 0.000000 332.725586 -0.159035 0.987273 -0.000000 1.248948 0.000000 0.000000 0.000000 1.000000
-0.000000 -0.000000 -1.000000 0.000000 -0.987273 -0.159035 0.000000 359.107666 -0.159035 0.987273 -0.000000 1.248948 0.000000 0.000000 0.000000 1.000000
-0.000000 -0.000000 -1.000000 0.000000 -0.987273 -0.159035 0.000000 388.788727 -0.159035 0.987273 -0.000000 1.248948 0.000000 0.000000 0.000000 1.000000
-0.000000 -0.000000 -1.000000 0.000000 -0.987273 -0.159035 0.000000 422.401855 -0.159035 0.987273 -0.000000 1.248948 0.000000 0.000000 0.000000 1.000000
-0.000000 -0.000000 -1.000000 0.000000 -0.987273 -0.159035 0.000000 460.616943 -0.159035 0.987273 -0.000000 1.248948 0.000000 0.000000 0.000000 1.000000
-0.000000 -0.000000 -1.000000 0.000000 -0.987273 -0.159035 0.000000 503.941071 -0.159035 0.987273 -0.000000 1.248948 0.000000 0.000000 0.000000 1.000000
-0.000000 -0.000000 -1.000000 0.000000 -0.987273 -0.159035 0.000000 552.263000 -0.159035 0.987273 -0.000000 1.248948 0.000000 0.000000 0.000000 1.000000
-0.000000 -0.000000 -1.000000 0.000000 -0.987273 -0.159035 0.000000 604.205994 -0.159035 0.987273 -0.000000 1.248948 0.000000 0.000000 0.000000 1.000000
-0.000000 -0.000000 -1.000000 0.000000 -0.987273 -0.159035 0.000000 656.950073 -0.159035 0.987273 -0.000000 1.248948 0.000000 0.000000 0.000000 1.000000
-0.000000 -0.000000 -1.000000 0.000000 -0.987273 -0.159035 0.000000 707.288269 -0.159035 0.987273 -0.000000 1.248948 0.000000 0.000000 0.000000 1.000000
-0.000000 -0.000000 -1.000000 0.000000 -0.987273 -0.159035 0.000000 753.100403 -0.159035 0.987273 -0.000000 1.248948 0.000000 0.000000 0.000000 1.000000
-0.000000 -0.000000 -1.000000 0.000000 -0.987273 -0.159035 0.000000 793.740662 -0.159035 0.987273 -0.000000 1.248948 0.000000 0.000000 0.000000 1.000000
-0.000000 -0.000000 -1.000000 0.000000 -0.987273 -0.159035 0.000000 829.492981 -0.159035 0.987273 -0.000000 1.248948 0.000000 0.000000 0.000000 1.000000
-0.000000 -0.000000 -1.000000 0.000000 -0.987273 -0.159035 0.000000 860.987000 -0.159035 0.987273 -0.000000 1.248948 0.000000 0.000000 0.000000 1.000000
-0.000000 -0.000000 -1.000000 0.000000 -0.987273 -0.159035 0.000000 888.887024 -0.159035 0.987273 -0.000000 1.248948 0.000000 0.000000 0.000000 1.000000
-0.000000 -0.000000 -1.000000 0.000000 -0.987273 -0.159035 0.000000 913.778931 -0.159035 0.987273 -0.000000 1.248948 0.000000 0.000000 0.000000 1.000000
-0.000000 -0.000000 -1.000000 0.000000 -0.987273 -0.159035 0.000000 936.146973 -0.159035 0.987273 -0.000000 1.248948 0.000000 0.000000 0.000000 1.000000
-0.000000 -0.000000 -1.000000 0.000000 -0.987273 -0.159035 0.000000 956.382568 -0.159035 0.987273 -0.000000 1.248948 0.000000 0.000000 0.000000 1.000000
-0.000000 -0.000000 -1.000000 0.000000 -0.987273 -0.159035 0.000000 974.800293 -0.159035 0.987273 -0.000000 1.248948 0.000000 0.000000 0.000000 1.000000
0.058415 0.751153 0.657539 -2.602839 -0.996990 0.077533 -0.000000 1018.355225 -0.050981 -0.655560 0.753421 2.011800 0.000000 0.000000 0.000000 1.000000
0.060007 0.751027 0.657539 -2.602839 -0.996823 0.079647 -0.000000 1018.355225 -0.052371 -0.655450 0.753421 2.011800 0.000000 0.000000 0.000000 1.000000
0.061619 0.750897 0.657539 -2.602839 -0.996650 0.081786 -0.000000 1018.355225 -0.053777 -0.655336 0.753421 2.011800 0.000000 0.000000 0.000000 1.000000
0.063248 0.750761 0.657539 -2.602839 -0.996470 0.083948 -0.000000 1018.355225 -0.055199 -0.655218 0.753421 2.011800 0.000000 0.000000 0.000000 1.000000
0.064892 0.750621 0.657539 -2.602839 -0.996284 0.086130 -0.000000 1018.355225 -0.056634 -0.655095 0.753421 2.011800 0.000000 0.000000 0.000000 1.000000
0.066550 0.750476 0.657539 -2.602839 -0.996091 0.088330 -0.000000 1018.355225 -0.058081 -0.654969 0.753421 2.011800 0.000000 0.000000 0.000000 1.000000
0.068219 0.750326 0.657539 -2.602839 -0.995892 0.090545 -0.000000 1018.355225 -0.059537 -0.654838 0.753421 2.011800 0.000000 0.000000 0.000000 1.000000
0.069897 0.750172 0.657539 -2.602839 -0.995687 0.092772 0.000000 1018.355225 -0.061001 -0.654703 0.753421 2.011800 0.000000 0.000000 0.000000 1.000000
0.071581 0.750013 0.657539 -2.602839 -0.995476 0.095008 -0.000000 1018.355225 -0.062472 -0.654564 0.753421 2.011800 0.000000 0.000000 0.000000 1.000000
0.073271 0.749849 0.657539 -2.602839 -0.995260 0.097251 -0.000000 1018.355225 -0.063946 -0.654422 0.753421 2.011800 0.000000 0.000000 0.000000 1.000000
0.074963 0.749682 0.657539 -2.602839 -0.995038 0.099496 -0.000000 1018.355225 -0.065423 -0.654276 0.753421 2.011800 0.000000 0.000000 0.000000 1.000000
0.076656 0.749511 0.657539 -2.602839 -0.994811 0.101743 -0.000000 1018.355225 -0.066900 -0.654127 0.753421 2.011800 0.000000 0.000000 0.000000 1.000000
0.078347 0.749336 0.657539 -2.602839 -0.994579 0.103988 0.000000 1018.355225 -0.068376 -0.653974 0.753421 2.011800 0.000000 0.000000 0.000000 1.000000
0.080035 0.749158 0.657539 -2.602839 -0.994342 0.106229 0.000000 1018.355225 -0.069849 -0.653818 0.753421 2.011800 0.000000 0.000000 0.000000 1.000000
0.081718 0.748976 0.657539 -2.602839 -0.994101 0.108463 -0.000000 1018.355225 -0.071319 -0.653660 0.753421 2.011800 0.000000 0.000000 0.000000 1.000000
0.083395 0.748791 0.657539 -2.602839 -0.993855 0.110688 0.000000 1018.355225 -0.072782 -0.653498 0.753421 2.011800 0.000000 0.000000 0.000000 1.000000
0.085064 0.748603 0.657539 -2.602839 -0.993606 0.112904 0.000000 1018.355225 -0.074239 -0.653335 0.753421 2.011800 0.000000 0.000000 0.000000 1.000000
0.086725 0.748413 0.657539 -2.602839 -0.993353 0.115108 0.000000 1018.355225 -0.075688 -0.653168 0.753421 2.011800 0.000000 0.000000 0.000000 1.000000
0.088376 0.748220 0.657539 -2.602839 -0.993097 0.117299 -0.000000 1018.355225 -0.077129 -0.652999 0.753421 2.011800 0.000000 0.000000 0.000000 1.000000
0.090017 0.748024 0.657539 -2.602839 -0.992837 0.119478 -0.000000 1018.355225 -0.078561 -0.652829 0.753421 2.011800 0.000000 0.000000 0.000000 1.000000
0.091663 0.747824 0.657539 -2.602839 -0.992572 0.121662 0.000000 1018.355225 -0.079998 -0.652654 0.753421 2.011800 0.000000 0.000000 0.000000 1.000000
0.093326 0.747618 0.657539 -2.602839 -0.992298 0.123870 -0.000000 1018.355225 -0.081450 -0.652475 0.753421 2.011800 0.000000 0.000000 0.000000 1.000000
0.095007 0.747407 0.657539 -2.602839 -0.992017 0.126101 0.000000 1018.355225 -0.082916 -0.652290 0.753421 2.011800 0.000000 0.000000 0.000000 1.000000
0.096703 0.747189 0.657539 -2.602839 -0.991729 0.128351 -0.000000 1018.355225 -0.084396 -0.652100 0.753421 2.011800 0.000000 0.000000 0.000000 1.000000
0.098412 0.746966 0.657539 -2.602839 -0.991432 0.130621 0.000000 1018.355225 -0.085888 -0.651905 0.753421 2.011800 0.000000 0.000000 0.000000 1.000000
0.100134 0.746737 0.657539 -2.602839 -0.991129 0.132906 0.000000 1018.355225 -0.087391 -0.651706 0.753421 2.011800 0.000000 0.000000 0.000000 1.000000
0.101867 0.746502 0.657539 -2.602839 -0.990818 0.135205 -0.000000 1018.355225 -0.088903 -0.651501 0.753421 2.011800 0.000000 0.000000 0.000000 1.000000
0.103608 0.746263 0.657539 -2.602839 -0.990500 0.137516 0.000000 1018.355225 -0.090422 -0.651292 0.753421 2.011800 0.000000 0.000000 0.000000 1.000000
0.105355 0.746018 0.657539 -2.602839 -0.990175 0.139836 -0.000000 1018.355225 -0.091947 -0.651078 0.753421 2.011800 0.000000 0.000000 0.000000 1.000000
0.107107 0.745769 0.657539 -2.602839 -0.989844 0.142161 0.000000 1018.355225 -0.093476 -0.650860 0.753421 2.011800 0.000000 0.000000 0.000000 1.000000
0.108861 0.745515 0.657539 -2.602839 -0.989506 0.144488 0.000000 1018.355225 -0.095007 -0.650639 0.753421 2.011800 0.000000 0.000000 0.000000 1.000000
0.110614 0.745257 0.657539 -2.602839 -0.989164 0.146815 -0.000000 1018.355225 -0.096537 -0.650414 0.753421 2.011800 0.000000 0.000000 0.000000 1.000000
0.112364 0.744995 0.657539 -2.602839 -0.988816 0.149138 0.000000 1018.355225 -0.098064 -0.650185 0.753421 2.011800 0.000000 0.000000 0.000000 1.000000
0.114108 0.744730 0.657539 -2.602839 -0.988464 0.151453 0.000000 1018.355225 -0.099586 -0.649954 0.753421 2.011800 0.000000 0.000000 0.000000 1.000000
0.115843 0.744462 0.657539 -2.602839 -0.988109 0.153756 -0.000000 1018.355225 -0.101100 -0.649720 0.753421 2.011800 0.000000 0.000000 0.000000 1.000000
0.117565 0.744192 0.657539 -2.602839 -0.987750 0.156042 -0.000000 1018.355225 -0.102604 -0.649484 0.753421 2.011800 0.000000 0.000000 0.000000 1.000000
0.119273 0.743920 0.657539 -2.602839 -0.987390 0.158309 -0.000000 1018.355225 -0.104094 -0.649247 0.753421 2.011800 0.000000 0.000000 0.000000 1.000000
0.120962 0.743647 0.657539 -2.602839 -0.987028 0.160550 -0.000000 1018.355225 -0.105568 -0.649009 0.753421 2.011800 0.000000 0.000000 0.000000 1.000000
0.122628 0.743374 0.657539 -2.602839 -0.986665 0.162762 -0.000000 1018.355225 -0.107023 -0.648771 0.753421 2.011800 0.000000 0.000000 0.000000 1.000000
0.124269 0.743102 0.657539 -2.602839 -0.986304 0.164940 -0.000000 1018.355225 -0.108455 -0.648533 0.753421 2.011800 0.000000 0.000000 0.000000 1.000000
0.125881 0.742830 0.657539 -2.602839 -0.985944 0.167079 0.000000 1018.355225 -0.109861 -0.648296 0.753421 2.011800 0.000000 0.000000 0.000000 1.000000
0.127459 0.742561 0.657539 -2.602839 -0.985586 0.169174 -0.000000 1018.355225 -0.111239 -0.648061 0.753421 2.011800 0.000000 0.000000 0.000000 1.000000
0.129001 0.742295 0.657539 -2.602839 -0.985233 0.171220 0.000000 1018.355225 -0.112584 -0.647829 0.753421 2.011800 0.000000 0.000000 0.000000 1.000000
0.130501 0.742033 0.657539 -2.602839 -0.984885 0.173212 0.000000 1018.355225 -0.113893 -0.647600 0.753421 2.011800 0.000000 0.000000 0.000000 1.000000
0.131957 0.741775 0.657539 -2.602839 -0.984543 0.175144 -0.000000 1018.355225 -0.115164 -0.647375 0.753421 2.011800 0.000000 0.000000 0.000000 1.000000
0.133365 0.741523 0.657539 -2.602839 -0.984209 0.177012 -0.000000 1018.355225 -0.116392 -0.647155 0.753421 2.011800 0.000000 0.000000 0.000000 1.000000
0.134720 0.741278 0.657539 -2.602839 -0.983884 0.178811 -0.000000 1018.355225 -0.117575 -0.646942 0.753421 2.011800 0.000000 0.000000 0.000000 1.000000
0.136018 0.741041 0.657539 -2.602839 -0.983569 0.180534 -0.000000 1018.355225 -0.118708 -0.646735 0.753421 2.011800 0.000000 0.000000 0.000000 1.000000
0.137257 0.740813 0.657539 -2.602839 -0.983265 0.182179 -0.000000 1018.355225 -0.119790 -0.646535 0.753421 2.011800 0.000000 0.000000 0.000000 1.000000
0.138433 0.740594 0.657539 -2.602839 -0.982975 0.183739 0.000000 1018.355225 -0.120815 -0.646344 0.753421 2.011800 0.000000 0.000000 0.000000 1.000000
0.139561 0.740382 0.657539 -2.602839 -0.982694 0.185237 0.000000 1018.355225 -0.121800 -0.646159 0.753421 2.011800 0.000000 0.000000 0.000000 1.000000
0.140662 0.740174 0.657539 -2.602839 -0.982417 0.186698 -0.000000 1018.355225 -0.122761 -0.645978 0.753421 2.011800 0.000000 0.000000 0.000000 1.000000
0.141734 0.739969 0.657539 -2.602839 -0.982146 0.188120 -0.000000 1018.355225 -0.123696 -0.645799 0.753421 2.011800 0.000000 0.000000 0.000000 1.000000
0.142776 0.739769 0.657539 -2.602839 -0.981880 0.189504 -0.000000 1018.355225 -0.124606 -0.645624 0.753421 2.011800 0.000000 0.000000 0.000000 1.000000
0.143788 0.739573 0.657539 -2.602839 -0.981620 0.190847 -0.000000 1018.355225 -0.125490 -0.645453 0.753421 2.011800 0.000000 0.000000 0.000000 1.000000
0.144770 0.739381 0.657539 -2.602839 -0.981366 0.192150 0.000000 1018.355225 -0.126346 -0.645286 0.753421 2.011800 0.000000 0.000000 0.000000 1.000000
0.145720 0.739194 0.657539 -2.602839 -0.981118 0.193411 0.000000 1018.355225 -0.127175 -0.645123 0.753421 2.011800 0.000000 0.000000 0.000000 1.000000
0.146639 0.739013 0.657539 -2.602839 -0.980877 0.194630 0.000000 1018.355225 -0.127977 -0.644965 0.753421 2.011800 0.000000 0.000000 0.000000 1.000000
0.147525 0.738836 0.657539 -2.602839 -0.980642 0.195807 0.000000 1018.355225 -0.128751 -0.644811 0.753421 2.011800 0.000000 0.000000 0.000000 1.000000
0.148379 0.738665 0.657539 -2.602839 -0.980415 0.196941 -0.000000 1018.355225 -0.129496 -0.644661 0.753421 2.011800 0.000000 0.000000 0.000000 1.000000
0.149201 0.738500 0.657539 -2.602839 -0.980196 0.198031 -0.000000 1018.355225 -0.130213 -0.644517 0.753421 2.011800 0.000000 0.000000 0.000000 1.000000
0.149989 0.738340 0.657539 -2.602839 -0.979984 0.199077 0.000000 1018.355225 -0.130901 -0.644377 0.753421 2.011800 0.000000 0.000000 0.000000 1.000000
0.150745 0.738186 0.657539 -2.602839 -0.979779 0.200081 0.000000 1018.355225 -0.131561 -0.644243 0.753421 2.011800 0.000000 0.000000 0.000000 1.000000
0.151468 0.738038 0.657539 -2.602839 -0.979583 0.201040 0.000000 1018.355225 -0.132192 -0.644114 0.753421 2.011800 0.000000 0.000000 0.000000 1.000000
0.152158 0.737896 0.657539 -2.602839 -0.979395 0.201956 -0.000000 1018.355225 -0.132794 -0.643990 0.753421 2.011800 0.000000 0.000000 0.000000 1.000000
0.152816 0.737760 0.657539 -2.602839 -0.979214 0.202829 0.000000 1018.355225 -0.133368 -0.643871 0.753421 2.011800 0.000000 0.000000 0.000000 1.000000
0.153441 0.737630 0.657539 -2.602839 -0.979042 0.203659 -0.000000 1018.355225 -0.133914 -0.643758 0.753421 2.011800 0.000000 0.000000 0.000000 1.000000
0.154034 0.737507 0.657539 -2.602839 -0.978878 0.204446 0.000000 1018.355225 -0.134431 -0.643650 0.753421 2.011800 0.000000 0.000000 0.000000 1.000000
0.154595 0.737390 0.657539 -2.602839 -0.978722 0.205190 -0.000000 1018.355225 -0.134921 -0.643548 0.753421 2.011800 0.000000 0.000000 0.000000 1.000000
0.155124 0.737278 0.657539 -2.602839 -0.978574 0.205893 -0.000000 1018.355225 -0.135383 -0.643451 0.753421 2.011800 0.000000 0.000000 0.000000 1.000000
0.155623 0.737173 0.657539 -2.602839 -0.978435 0.206555 0.000000 1018.355225 -0.135818 -0.643359 0.753421 2.011800 0.000000 0.000000 0.000000 1.000000
0.156091 0.737074 0.657539 -2.602839 -0.978304 0.207177 0.000000 1018.355225 -0.136227 -0.643273 0.753421 2.011800 0.000000 0.000000 0.000000 1.000000
0.156530 0.736981 0.657539 -2.602839 -0.978180 0.207759 -0.000000 1018.355225 -0.136610 -0.643191 0.753421 2.011800 0.000000 0.000000 0.000000 1.000000
0.156939 0.736894 0.657539 -2.602839 -0.978065 0.208302 -0.000000 1018.355225 -0.136967 -0.643115 0.753421 2.011800 0.000000 0.000000 0.000000 1.000000
0.157320 0.736813 0.657539 -2.602839 -0.977957 0.208808 -0.000000 1018.355225 -0.137299 -0.643044 0.753421 2.011800 0.000000 0.000000 0.000000 1.000000
0.157673 0.736737 0.657539 -2.602839 -0.977856 0.209277 -0.000000 1018.355225 -0.137607 -0.642978 0.753421 2.011800 0.000000 0.000000 0.000000 1.000000
0.158000 0.736667 0.657539 -2.602839 -0.977764 0.209710 0.000000 1018.355225 -0.137892 -0.642918 0.753421 2.011800 0.000000 0.000000 0.000000 1.000000
0.158300 0.736603 0.657539 -2.602839 -0.977678 0.210109 -0.000000 1018.355225 -0.138155 -0.642861 0.753421 2.011800 0.000000 0.000000 0.000000 1.000000
0.158575 0.736544 0.657539 -2.602839 -0.977599 0.210474 -0.000000 1018.355225 -0.138395 -0.642810 0.753421 2.011800 0.000000 0.000000 0.000000 1.000000
0.158826 0.736490 0.657539 -2.602839 -0.977528 0.210807 0.000000 1018.355225 -0.138614 -0.642762 0.753421 2.011800 0.000000 0.000000 0.000000 1.000000
0.159054 0.736440 0.657539 -2.602839 -0.977462 0.211109 0.000000 1018.355225 -0.138813 -0.642719 0.753421 2.011800 0.000000 0.000000 0.000000 1.000000
0.159260 0.736396 0.657539 -2.602839 -0.977403 0.211382 -0.000000 1018.355225 -0.138992 -0.642681 0.753421 2.011800 0.000000 0.000000 0.000000 1.000000
0.159444 0.736356 0.657539 -2.602839 -0.977350 0.211627 -0.000000 1018.355225 -0.139153 -0.642646 0.753421 2.011800 0.000000 0.000000 0.000000 1.000000
0.159608 0.736321 0.657539 -2.602839 -0.977303 0.211845 -0.000000 1018.355225 -0.139297 -0.642615 0.753421 2.011800 0.000000 0.000000 0.000000 1.000000
0.159754 0.736289 0.657539 -2.602839 -0.977261 0.212038 0.000000 1018.355225 -0.139423 -0.642587 0.753421 2.011800 0.000000 0.000000 0.000000 1.000000
0.159881 0.736261 0.657539 -2.602839 -0.977225 0.212207 -0.000000 1018.355225 -0.139534 -0.642563 0.753421 2.011800 0.000000 0.000000 0.000000 1.000000
0.159992 0.736237 0.657539 -2.602839 -0.977193 0.212354 -0.000000 1018.355225 -0.139631 -0.642542 0.753421 2.011800 0.000000 0.000000 0.000000 1.000000
0.160087 0.736217 0.657539 -2.602839 -0.977165 0.212480 -0.000000 1018.355225 -0.139714 -0.642524 0.753421 2.011800 0.000000 0.000000 0.000000 1.000000
0.160167 0.736199 0.657539 -2.602839 -0.977142 0.212586 -0.000000 1018.355225 -0.139784 -0.642509 0.753421 2.011800 0.000000 0.000000 0.000000 1.000000
0.160234 0.736185 0.657539 -2.602839 -0.977123 0.212676 0.000000 1018.355225 -0.139842 -0.642496 0.753421 2.011800 0.000000 0.000000 0.000000 1.000000
0.160289 0.736173 0.657539 -2.602839 -0.977107 0.212748 -0.000000 1018.355225 -0.139890 -0.642486 0.753421 2.011800 0.000000 0.000000 0.000000 1.000000
0.160333 0.736163 0.657539 -2.602839 -0.977094 0.212807 0.000000 1018.355225 -0.139929 -0.642477 0.753421 2.011800 0.000000 0.000000 0.000000 1.000000
0.160368 0.736156 0.657539 -2.602839 -0.977084 0.212853 -0.000000 1018.355225 -0.139959 -0.642471 0.753421 2.011800 0.000000 0.000000 0.000000 1.000000
0.160393 0.736150 0.657539 -2.602839 -0.977077 0.212887 0.000000 1018.355225 -0.139981 -0.642466 0.753421 2.011800 0.000000 0.000000 0.000000 1.000000
0.160412 0.736146 0.657539 -2.602839 -0.977072 0.212911 0.000000 1018.355225 -0.139997 -0.642462 0.753421 2.011800 0.000000 0.000000 0.000000 1.000000
0.160424 0.736143 0.657539 -2.602839 -0.977068 0.212928 0.000000 1018.355225 -0.140008 -0.642460 0.753421 2.011800 0.000000 0.000000 0.000000 1.000000
0.160432 0.736142 0.657539 -2.602839 -0.977066 0.212938 -0.000000 1018.355225 -0.140015 -0.642459 0.753421 2.011800 0.000000 0.000000 0.000000 1.000000
0.160436 0.736141 0.657539 -2.602839 -0.977065 0.212943 -0.000000 1018.355225 -0.140018 -0.642458 0.753421 2.011800 0.000000 0.000000 0.000000 1.000000
0.160437 0.736140 0.657539 -2.602839 -0.977064 0.212945 -0.000000 1018.355225 -0.140020 -0.642458 0.753421 2.011800 0.000000 0.000000 0.000000 1.000000
0.160437 0.736140 0.657539 -2.602839 -0.977064 0.212945 0.000000 1018.355225 -0.140020 -0.642458 0.753421 2.011800 0.000000 0.000000 0.000000 1.000000</float_array><technique_common><accessor source="#jnt_cam_launch-Matrix-animation-output-transform-array" count="201" stride="16"><param type="float4x4"/></accessor></technique_common></source><source id="jnt_cam_launch-Interpolations"><Name_array id="jnt_cam_launch-Interpolations-array" count="201">
 LINEAR LINEAR LINEAR LINEAR LINEAR LINEAR LINEAR LINEAR LINEAR LINEAR LINEAR
LINEAR LINEAR LINEAR LINEAR LINEAR LINEAR LINEAR LINEAR LINEAR LINEAR LINEAR LINEAR
LINEAR LINEAR LINEAR LINEAR LINEAR LINEAR LINEAR LINEAR LINEAR LINEAR LINEAR LINEAR
LINEAR LINEAR LINEAR LINEAR LINEAR LINEAR LINEAR LINEAR LINEAR LINEAR LINEAR LINEAR
LINEAR LINEAR LINEAR LINEAR LINEAR LINEAR LINEAR LINEAR LINEAR LINEAR LINEAR LINEAR
LINEAR LINEAR LINEAR LINEAR LINEAR LINEAR LINEAR LINEAR LINEAR LINEAR LINEAR LINEAR
LINEAR LINEAR LINEAR LINEAR LINEAR LINEAR LINEAR LINEAR LINEAR LINEAR LINEAR LINEAR
LINEAR LINEAR LINEAR LINEAR LINEAR LINEAR LINEAR LINEAR LINEAR LINEAR LINEAR LINEAR
LINEAR LINEAR LINEAR LINEAR LINEAR LINEAR LINEAR LINEAR LINEAR LINEAR LINEAR LINEAR
LINEAR LINEAR LINEAR LINEAR LINEAR LINEAR LINEAR LINEAR LINEAR LINEAR LINEAR LINEAR
LINEAR LINEAR LINEAR LINEAR LINEAR LINEAR LINEAR LINEAR LINEAR LINEAR LINEAR LINEAR
LINEAR LINEAR LINEAR LINEAR LINEAR LINEAR LINEAR LINEAR LINEAR LINEAR LINEAR LINEAR
LINEAR LINEAR LINEAR LINEAR LINEAR LINEAR LINEAR LINEAR LINEAR LINEAR LINEAR LINEAR
LINEAR LINEAR LINEAR LINEAR LINEAR LINEAR LINEAR LINEAR LINEAR LINEAR LINEAR LINEAR
LINEAR LINEAR LINEAR LINEAR LINEAR LINEAR LINEAR LINEAR LINEAR LINEAR LINEAR LINEAR
LINEAR LINEAR LINEAR LINEAR LINEAR LINEAR LINEAR LINEAR LINEAR LINEAR LINEAR LINEAR
LINEAR LINEAR LINEAR LINEAR LINEAR LINEAR LINEAR LINEAR LINEAR LINEAR</Name_array><technique_common><accessor source="#jnt_cam_launch-Interpolations-array" count="201"><param type="name"/></accessor></technique_common></source><sampler id="jnt_cam_launch-Matrix-animation-transform"><input semantic="INPUT" source="#jnt_cam_launch-Matrix-animation-input"/><input semantic="OUTPUT" source="#jnt_cam_launch-Matrix-animation-output-transform"/><input semantic="INTERPOLATION" source="#jnt_cam_launch-Interpolations"/></sampler><channel source="#jnt_cam_launch-Matrix-animation-transform" target="jnt_cam_launch/matrix"/></animation></animation>
    <animation id="cam_launch-anim" name="cam_launch"></animation>
    <animation id="loc_camaim-anim" name="loc_camaim"><animation><source id="loc_camaim-Matrix-animation-input"><float_array id="loc_camaim-Matrix-animation-input-array" count="201">

0.000000 0.041667 0.083333 0.125000 0.166667 0.208333 0.250000 0.291667 0.333333 0.375000 0.416667 0.458333 0.500000 0.541667 0.583333 0.625000
0.666667 0.708333 0.750000 0.791667 0.833333 0.875000 0.916667 0.958333 1.000000 1.041667 1.083333 1.125000 1.166667 1.208333 1.250000 1.291667
1.333333 1.375000 1.416667 1.458333 1.500000 1.541667 1.583333 1.625000 1.666667 1.708333 1.750000 1.791667 1.833333 1.875000 1.916667 1.958333
2.000000 2.041667 2.083333 2.125000 2.166667 2.208333 2.250000 2.291667 2.333333 2.375000 2.416667 2.458333 2.500000 2.541667 2.583333 2.625000
2.666667 2.708333 2.750000 2.791667 2.833333 2.875000 2.916667 2.958333 3.000000 3.041667 3.083333 3.125000 3.166667 3.208333 3.250000 3.291667
3.333333 3.375000 3.416667 3.458333 3.500000 3.541667 3.583333 3.625000 3.666667 3.708333 3.750000 3.791667 3.833333 3.875000 3.916667 3.958333
4.000000 4.041667 4.083333 4.125000 4.166667 4.208333 4.250000 4.291667 4.333333 4.375000 4.416667 4.458333 4.500000 4.541667 4.583333 4.625000
4.666667 4.708333 4.750000 4.791667 4.833333 4.875000 4.916667 4.958333 5.000000 5.041667 5.083333 5.125000 5.166667 5.208333 5.250000 5.291667
5.333333 5.375000 5.416667 5.458333 5.500000 5.541667 5.583333 5.625000 5.666667 5.708333 5.750000 5.791667 5.833333 5.875000 5.916667 5.958333
6.000000 6.041667 6.083333 6.125000 6.166667 6.208333 6.250000 6.291667 6.333333 6.375000 6.416667 6.458333 6.500000 6.541667 6.583333 6.625000
6.666667 6.708333 6.750000 6.791667 6.833333 6.875000 6.916667 6.958333 7.000000 7.041667 7.083333 7.125000 7.166667 7.208333 7.250000 7.291667
7.333333 7.375000 7.416667 7.458333 7.500000 7.541667 7.583333 7.625000 7.666667 7.708333 7.750000 7.791667 7.833333 7.875000 7.916667 7.958333
8.000000 8.041667 8.083333 8.125000 8.166667 8.208333 8.250000 8.291667 8.333333</float_array><technique_common><accessor source="#loc_camaim-Matrix-animation-input-array" count="201"><param name="TIME" type="float"/></accessor></technique_common></source><source id="loc_camaim-Matrix-animation-output-transform"><float_array id="loc_camaim-Matrix-animation-output-transform-array" count="3216">

1.000000 0.000000 0.000000 0.000000 0.000000 1.000000 0.000000 3.300000 0.000000 0.000000 1.000000 0.000000 0.000000 0.000000 0.000000 1.000000
1.000000 0.000000 0.000000 0.000000 0.000000 1.000000 0.000000 3.300000 0.000000 0.000000 1.000000 -0.000214 0.000000 0.000000 0.000000 1.000000
1.000000 0.000000 0.000000 0.000000 0.000000 1.000000 0.000000 3.300000 0.000000 0.000000 1.000000 -0.000847 0.000000 0.000000 0.000000 1.000000
1.000000 0.000000 0.000000 0.000000 0.000000 1.000000 0.000000 3.300000 0.000000 0.000000 1.000000 -0.001884 0.000000 0.000000 0.000000 1.000000
1.000000 0.000000 0.000000 0.000000 0.000000 1.000000 0.000000 3.300000 0.000000 0.000000 1.000000 -0.003310 0.000000 0.000000 0.000000 1.000000
1.000000 0.000000 0.000000 0.000000 0.000000 1.000000 0.000000 3.300000 0.000000 0.000000 1.000000 -0.005112 0.000000 0.000000 0.000000 1.000000
1.000000 0.000000 0.000000 0.000000 0.000000 1.000000 0.000000 3.300000 0.000000 0.000000 1.000000 -0.007274 0.000000 0.000000 0.000000 1.000000
1.000000 0.000000 0.000000 0.000000 0.000000 1.000000 0.000000 3.300000 0.000000 0.000000 1.000000 -0.009783 0.000000 0.000000 0.000000 1.000000
1.000000 0.000000 0.000000 0.000000 0.000000 1.000000 0.000000 3.300000 0.000000 0.000000 1.000000 -0.012624 0.000000 0.000000 0.000000 1.000000
1.000000 0.000000 0.000000 0.000000 0.000000 1.000000 0.000000 3.300000 0.000000 0.000000 1.000000 -0.015783 0.000000 0.000000 0.000000 1.000000
1.000000 0.000000 0.000000 0.000000 0.000000 1.000000 0.000000 3.300000 0.000000 0.000000 1.000000 -0.019244 0.000000 0.000000 0.000000 1.000000
1.000000 0.000000 0.000000 0.000000 0.000000 1.000000 0.000000 3.300000 0.000000 0.000000 1.000000 -0.022994 0.000000 0.000000 0.000000 1.000000
1.000000 0.000000 0.000000 0.000000 0.000000 1.000000 0.000000 3.300000 0.000000 0.000000 1.000000 -0.027019 0.000000 0.000000 0.000000 1.000000
1.000000 0.000000 0.000000 0.000000 0.000000 1.000000 0.000000 3.300000 0.000000 0.000000 1.000000 -0.031303 0.000000 0.000000 0.000000 1.000000
