<?xml version="1.0" encoding="utf-8"?>
<COLLADA xmlns="http://www.collada.org/2005/11/COLLADASchema" version="1.4.1">
  <asset><contributor><author></author><authoring_tool>FBX COLLADA exporter</authoring_tool><comments></comments></contributor><created>2019-12-20T10:40:18Z</created><keywords></keywords><modified>2019-12-20T10:40:18Z</modified><revision></revision><subject></subject><title></title><unit meter="0.010000" name="centimeter"></unit><up_axis>Y_UP</up_axis></asset>
  <library_animations>
    <animation id="master_ctrl-anim" name="master_ctrl"><animation><source id="master_ctrl-Matrix-animation-input"><float_array id="master_ctrl-Matrix-animation-input-array" count="31">

0.000000 0.033333 0.066667 0.100000 0.133333 0.166667 0.200000 0.233333 0.266667 0.300000 0.333333 0.366667 0.400000 0.433333 0.466667 0.500000
0.533333 0.566667 0.600000 0.633333 0.666667 0.700000 0.733333 0.766667 0.800000 0.833333 0.866667 0.900000 0.933333 0.966667 1.000000</float_array><technique_common><accessor source="#master_ctrl-Matrix-animation-input-array" count="31"><param name="TIME" type="float"/></accessor></technique_common></source><source id="master_ctrl-Matrix-animation-output-transform"><float_array id="master_ctrl-Matrix-animation-output-transform-array" count="496">

0.997080 0.076361 0.001064 0.000000 -0.076359 0.996635 0.029815 0.690381 0.001216 -0.029809 0.999555 0.000000 0.000000 0.000000 0.000000 1.000000
0.998397 0.056593 0.000350 0.000000 -0.056587 0.998153 0.022098 0.511393 0.000901 -0.022082 0.999756 0.000000 0.000000 0.000000 0.000000 1.000000
0.999804 0.019817 -0.000162 0.000000 -0.019815 0.999774 0.007734 0.178988 0.000315 -0.007729 0.999970 0.000000 0.000000 0.000000 0.000000 1.000000
1.000000 0.000000 0.000000 0.000000 0.000000 1.000000 0.000000 0.000000 0.000000 0.000000 1.000000 0.000000 0.000000 0.000000 0.000000 1.000000
1.000000 0.000000 0.000000 0.000000 0.000000 1.000000 0.000000 0.000000 0.000000 0.000000 1.000000 0.000000 0.000000 0.000000 0.000000 1.000000
1.000000 0.000000 0.000000 0.000000 0.000000 1.000000 0.000000 0.000000 0.000000 0.000000 1.000000 0.000000 0.000000 0.000000 0.000000 1.000000
1.000000 0.000000 0.000000 0.000000 0.000000 1.000000 0.000000 0.000000 0.000000 0.000000 1.000000 0.000000 0.000000 0.000000 0.000000 1.000000
1.000000 0.000000 0.000000 0.000000 0.000000 1.000000 0.000000 0.000000 0.000000 0.000000 1.000000 0.000000 0.000000 0.000000 0.000000 1.000000
1.000000 0.000000 0.000000 0.000000 0.000000 1.000000 0.000000 0.000000 0.000000 0.000000 1.000000 0.000000 0.000000 0.000000 0.000000 1.000000
1.000000 0.000000 0.000000 0.000000 0.000000 1.000000 0.000000 0.000000 0.000000 0.000000 1.000000 0.000000 0.000000 0.000000 0.000000 1.000000
1.000000 0.000000 0.000000 0.000000 0.000000 1.000000 0.000000 0.000000 0.000000 0.000000 1.000000 0.000000 0.000000 0.000000 0.000000 1.000000
1.000000 0.000000 0.000000 0.000000 0.000000 1.000000 0.000000 0.000000 0.000000 0.000000 1.000000 0.000000 0.000000 0.000000 0.000000 1.000000
1.000000 0.000000 0.000000 0.000000 0.000000 1.000000 0.000000 0.000000 0.000000 0.000000 1.000000 0.000000 0.000000 0.000000 0.000000 1.000000
1.000000 0.000000 0.000000 0.000000 0.000000 1.000000 0.000000 0.000000 0.000000 0.000000 1.000000 0.000000 0.000000 0.000000 0.000000 1.000000
1.000000 0.000000 0.000000 0.000000 0.000000 1.000000 0.000000 0.000000 0.000000 0.000000 1.000000 0.000000 0.000000 0.000000 0.000000 1.000000
1.000000 0.000000 0.000000 0.000000 0.000000 1.000000 0.000000 0.000000 0.000000 0.000000 1.000000 0.000000 0.000000 0.000000 0.000000 1.000000
1.000000 0.000000 0.000000 0.000000 0.000000 1.000000 0.000000 0.000000 0.000000 0.000000 1.000000 0.000000 0.000000 0.000000 0.000000 1.000000
1.000000 0.000000 0.000000 0.000000 0.000000 1.000000 0.000000 0.000000 0.000000 0.000000 1.000000 0.000000 0.000000 0.000000 0.000000 1.000000
1.000000 0.000000 0.000000 0.000000 0.000000 1.000000 0.000000 0.000000 0.000000 0.000000 1.000000 0.000000 0.000000 0.000000 0.000000 1.000000
1.000000 0.000000 0.000000 0.000000 0.000000 1.000000 0.000000 0.000000 0.000000 0.000000 1.000000 0.000000 0.000000 0.000000 0.000000 1.000000
1.000000 0.000000 0.000000 0.000000 0.000000 1.000000 0.000000 0.000000 0.000000 0.000000 1.000000 0.000000 0.000000 0.000000 0.000000 1.000000
1.000000 0.000000 0.000000 0.000000 0.000000 1.000000 0.000000 0.000000 0.000000 0.000000 1.000000 0.000000 0.000000 0.000000 0.000000 1.000000
1.000000 0.000000 0.000000 0.000000 0.000000 1.000000 0.000000 0.000000 0.000000 0.000000 1.000000 0.000000 0.000000 0.000000 0.000000 1.000000
1.000000 0.000000 0.000000 0.000000 0.000000 1.000000 0.000000 0.000000 0.000000 0.000000 1.000000 0.000000 0.000000 0.000000 0.000000 1.000000
1.000000 0.000000 0.000000 0.000000 0.000000 1.000000 0.000000 0.000000 0.000000 0.000000 1.000000 0.000000 0.000000 0.000000 0.000000 1.000000
1.000000 0.000000 0.000000 0.000000 0.000000 1.000000 0.000000 0.000000 0.000000 0.000000 1.000000 0.000000 0.000000 0.000000 0.000000 1.000000
1.000000 0.000000 0.000000 0.000000 0.000000 1.000000 0.000000 0.000000 0.000000 0.000000 1.000000 0.000000 0.000000 0.000000 0.000000 1.000000
1.000000 0.000000 0.000000 0.000000 0.000000 1.000000 0.000000 0.000000 0.000000 0.000000 1.000000 0.000000 0.000000 0.000000 0.000000 1.000000
1.000000 0.000000 0.000000 0.000000 0.000000 1.000000 0.000000 0.000000 0.000000 0.000000 1.000000 0.000000 0.000000 0.000000 0.000000 1.000000
1.000000 0.000000 0.000000 0.000000 0.000000 1.000000 0.000000 0.000000 0.000000 0.000000 1.000000 0.000000 0.000000 0.000000 0.000000 1.000000
1.000000 0.000000 0.000000 0.000000 0.000000 1.000000 0.000000 0.000000 0.000000 0.000000 1.000000 0.000000 0.000000 0.000000 0.000000 1.000000</float_array><technique_common><accessor source="#master_ctrl-Matrix-animation-output-transform-array" count="31" stride="16"><param type="float4x4"/></accessor></technique_common></source><source id="master_ctrl-Interpolations"><Name_array id="master_ctrl-Interpolations-array" count="31">
 LINEAR LINEAR LINEAR LINEAR LINEAR LINEAR LINEAR LINEAR LINEAR LINEAR LINEAR
LINEAR LINEAR LINEAR LINEAR LINEAR LINEAR LINEAR LINEAR LINEAR LINEAR LINEAR LINEAR
LINEAR LINEAR LINEAR LINEAR LINEAR LINEAR LINEAR LINEAR</Name_array><technique_common><accessor source="#master_ctrl-Interpolations-array" count="31"><param type="name"/></accessor></technique_common></source><sampler id="master_ctrl-Matrix-animation-transform"><input semantic="INPUT" source="#master_ctrl-Matrix-animation-input"/><input semantic="OUTPUT" source="#master_ctrl-Matrix-animation-output-transform"/><input semantic="INTERPOLATION" source="#master_ctrl-Interpolations"/></sampler><channel source="#master_ctrl-Matrix-animation-transform" target="master_ctrl/matrix"/></animation><animation><source id="master_ctrl-visibility-animation-input"><float_array id="master_ctrl-visibility-animation-input-array" count="2">

0.100000 1.000000</float_array><technique_common><accessor source="#master_ctrl-visibility-animation-input-array" count="2"><param name="TIME" type="float"/></accessor></technique_common></source><source id="master_ctrl-visibility-animation-output"><float_array id="master_ctrl-visibility-animation-output-array" count="2">

1.000000 1.000000</float_array><technique_common><accessor source="#master_ctrl-visibility-animation-output-array" count="2"><param type="float"/></accessor></technique_common></source><source id="master_ctrl-visibility-animation-intan"><float_array id="master_ctrl-visibility-animation-intan-array" count="2">

0.000000 0.000000</float_array><technique_common><accessor source="#master_ctrl-visibility-animation-intan-array" count="2"><param type="float"/></accessor></technique_common></source><source id="master_ctrl-visibility-animation-outtan"><float_array id="master_ctrl-visibility-animation-outtan-array" count="2">

0.000000 0.000000</float_array><technique_common><accessor source="#master_ctrl-visibility-animation-outtan-array" count="2"><param type="float"/></accessor></technique_common></source><source id="master_ctrl-visibility-animation-interpolation"><Name_array id="master_ctrl-visibility-animation-interpolation-array" count="2">
 STEP STEP</Name_array><technique_common><accessor source="#master_ctrl-visibility-animation-interpolation-array" count="2"><param type="name"/></accessor></technique_common></source><sampler id="master_ctrl-visibility-animation"><input semantic="INPUT" source="#master_ctrl-visibility-animation-input"/><input semantic="OUTPUT" source="#master_ctrl-visibility-animation-output"/><input semantic="IN_TANGENT" source="#master_ctrl-visibility-animation-intan"/><input semantic="OUT_TANGENT" source="#master_ctrl-visibility-animation-outtan"/><input semantic="INTERPOLATION" source="#master_ctrl-visibility-animation-interpolation"/></sampler><channel source="#master_ctrl-visibility-animation" target="master_ctrl/visibility"/></animation></animation>
    <animation id="rig_root_jnt-anim" name="rig_root_jnt"><animation><source id="rig_root_jnt-Matrix-animation-input"><float_array id="rig_root_jnt-Matrix-animation-input-array" count="31">

0.000000 0.033333 0.066667 0.100000 0.133333 0.166667 0.200000 0.233333 0.266667 0.300000 0.333333 0.366667 0.400000 0.433333 0.466667 0.500000
0.533333 0.566667 0.600000 0.633333 0.666667 0.700000 0.733333 0.766667 0.800000 0.833333 0.866667 0.900000 0.933333 0.966667 1.000000</float_array><technique_common><accessor source="#rig_root_jnt-Matrix-animation-input-array" count="31"><param name="TIME" type="float"/></accessor></technique_common></source><source id="rig_root_jnt-Matrix-animation-output-transform"><float_array id="rig_root_jnt-Matrix-animation-output-transform-array" count="496">

0.997080 0.076361 0.001064 0.000000 -0.076359 0.996635 0.029815 0.690381 0.001216 -0.029809 0.999555 0.000000 0.000000 0.000000 0.000000 1.000000
0.998397 0.056593 0.000350 0.000000 -0.056587 0.998153 0.022098 0.511393 0.000901 -0.022082 0.999756 0.000000 0.000000 0.000000 0.000000 1.000000
0.999804 0.019817 -0.000162 0.000000 -0.019815 0.999774 0.007734 0.178988 0.000315 -0.007729 0.999970 0.000000 0.000000 0.000000 0.000000 1.000000
1.000000 0.000000 0.000000 0.000000 0.000000 1.000000 0.000000 0.000000 0.000000 0.000000 1.000000 0.000000 0.000000 0.000000 0.000000 1.000000
1.000000 0.000000 0.000000 0.000000 0.000000 1.000000 0.000000 0.000000 0.000000 0.000000 1.000000 0.000000 0.000000 0.000000 0.000000 1.000000
1.000000 0.000000 0.000000 0.000000 0.000000 1.000000 0.000000 0.000000 0.000000 0.000000 1.000000 0.000000 0.000000 0.000000 0.000000 1.000000
1.000000 0.000000 0.000000 0.000000 0.000000 1.000000 0.000000 0.000000 0.000000 0.000000 1.000000 0.000000 0.000000 0.000000 0.000000 1.000000
1.000000 0.000000 0.000000 0.000000 0.000000 1.000000 0.000000 0.000000 0.000000 0.000000 1.000000 0.000000 0.000000 0.000000 0.000000 1.000000
1.000000 0.000000 0.000000 0.000000 0.000000 1.000000 0.000000 0.000000 0.000000 0.000000 1.000000 0.000000 0.000000 0.000000 0.000000 1.000000
1.000000 0.000000 0.000000 0.000000 0.000000 1.000000 0.000000 0.000000 0.000000 0.000000 1.000000 0.000000 0.000000 0.000000 0.000000 1.000000
1.000000 0.000000 0.000000 0.000000 0.000000 1.000000 0.000000 0.000000 0.000000 0.000000 1.000000 0.000000 0.000000 0.000000 0.000000 1.000000
1.000000 0.000000 0.000000 0.000000 0.000000 1.000000 0.000000 0.000000 0.000000 0.000000 1.000000 0.000000 0.000000 0.000000 0.000000 1.000000
1.000000 0.000000 0.000000 0.000000 0.000000 1.000000 0.000000 0.000000 0.000000 0.000000 1.000000 0.000000 0.000000 0.000000 0.000000 1.000000
1.000000 0.000000 0.000000 0.000000 0.000000 1.000000 0.000000 0.000000 0.000000 0.000000 1.000000 0.000000 0.000000 0.000000 0.000000 1.000000
1.000000 0.000000 0.000000 0.000000 0.000000 1.000000 0.000000 0.000000 0.000000 0.000000 1.000000 0.000000 0.000000 0.000000 0.000000 1.000000
1.000000 0.000000 0.000000 0.000000 0.000000 1.000000 0.000000 0.000000 0.000000 0.000000 1.000000 0.000000 0.000000 0.000000 0.000000 1.000000
1.000000 0.000000 0.000000 0.000000 0.000000 1.000000 0.000000 0.000000 0.000000 0.000000 1.000000 0.000000 0.000000 0.000000 0.000000 1.000000
1.000000 0.000000 0.000000 0.000000 0.000000 1.000000 0.000000 0.000000 0.000000 0.000000 1.000000 0.000000 0.000000 0.000000 0.000000 1.000000
1.000000 0.000000 0.000000 0.000000 0.000000 1.000000 0.000000 0.000000 0.000000 0.000000 1.000000 0.000000 0.000000 0.000000 0.000000 1.000000
1.000000 0.000000 0.000000 0.000000 0.000000 1.000000 0.000000 0.000000 0.000000 0.000000 1.000000 0.000000 0.000000 0.000000 0.000000 1.000000
1.000000 0.000000 0.000000 0.000000 0.000000 1.000000 0.000000 0.000000 0.000000 0.000000 1.000000 0.000000 0.000000 0.000000 0.000000 1.000000
1.000000 0.000000 0.000000 0.000000 0.000000 1.000000 0.000000 0.000000 0.000000 0.000000 1.000000 0.000000 0.000000 0.000000 0.000000 1.000000
1.000000 0.000000 0.000000 0.000000 0.000000 1.000000 0.000000 0.000000 0.000000 0.000000 1.000000 0.000000 0.000000 0.000000 0.000000 1.000000
1.000000 0.000000 0.000000 0.000000 0.000000 1.000000 0.000000 0.000000 0.000000 0.000000 1.000000 0.000000 0.000000 0.000000 0.000000 1.000000
1.000000 0.000000 0.000000 0.000000 0.000000 1.000000 0.000000 0.000000 0.000000 0.000000 1.000000 0.000000 0.000000 0.000000 0.000000 1.000000
1.000000 0.000000 0.000000 0.000000 0.000000 1.000000 0.000000 0.000000 0.000000 0.000000 1.000000 0.000000 0.000000 0.000000 0.000000 1.000000
1.000000 0.000000 0.000000 0.000000 0.000000 1.000000 0.000000 0.000000 0.000000 0.000000 1.000000 0.000000 0.000000 0.000000 0.000000 1.000000
1.000000 0.000000 0.000000 0.000000 0.000000 1.000000 0.000000 0.000000 0.000000 0.000000 1.000000 0.000000 0.000000 0.000000 0.000000 1.000000
1.000000 0.000000 0.000000 0.000000 0.000000 1.000000 0.000000 0.000000 0.000000 0.000000 1.000000 0.000000 0.000000 0.000000 0.000000 1.000000
1.000000 0.000000 0.000000 0.000000 0.000000 1.000000 0.000000 0.000000 0.000000 0.000000 1.000000 0.000000 0.000000 0.000000 0.000000 1.000000
1.000000 0.000000 0.000000 0.000000 0.000000 1.000000 0.000000 0.000000 0.000000 0.000000 1.000000 0.000000 0.000000 0.000000 0.000000 1.000000</float_array><technique_common><accessor source="#rig_root_jnt-Matrix-animation-output-transform-array" count="31" stride="16"><param type="float4x4"/></accessor></technique_common></source><source id="rig_root_jnt-Interpolations"><Name_array id="rig_root_jnt-Interpolations-array" count="31">
 LINEAR LINEAR LINEAR LINEAR LINEAR LINEAR LINEAR LINEAR LINEAR LINEAR LINEAR
LINEAR LINEAR LINEAR LINEAR LINEAR LINEAR LINEAR LINEAR LINEAR LINEAR LINEAR LINEAR
LINEAR LINEAR LINEAR LINEAR LINEAR LINEAR LINEAR LINEAR</Name_array><technique_common><accessor source="#rig_root_jnt-Interpolations-array" count="31"><param type="name"/></accessor></technique_common></source><sampler id="rig_root_jnt-Matrix-animation-transform"><input semantic="INPUT" source="#rig_root_jnt-Matrix-animation-input"/><input semantic="OUTPUT" source="#rig_root_jnt-Matrix-animation-output-transform"/><input semantic="INTERPOLATION" source="#rig_root_jnt-Interpolations"/></sampler><channel source="#rig_root_jnt-Matrix-animation-transform" target="rig_root_jnt/matrix"/></animation></animation>
    <animation id="root_jnt-anim" name="root_jnt"><animation><source id="root_jnt-Matrix-animation-input"><float_array id="root_jnt-Matrix-animation-input-array" count="31">

0.000000 0.033333 0.066667 0.100000 0.133333 0.166667 0.200000 0.233333 0.266667 0.300000 0.333333 0.366667 0.400000 0.433333 0.466667 0.500000
0.533333 0.566667 0.600000 0.633333 0.666667 0.700000 0.733333 0.766667 0.800000 0.833333 0.866667 0.900000 0.933333 0.966667 1.000000</float_array><technique_common><accessor source="#root_jnt-Matrix-animation-input-array" count="31"><param name="TIME" type="float"/></accessor></technique_common></source><source id="root_jnt-Matrix-animation-output-transform"><float_array id="root_jnt-Matrix-animation-output-transform-array" count="496">

0.997080 0.076361 0.001064 0.000000 -0.076359 0.996635 0.029815 0.690381 0.001216 -0.029809 0.999555 0.000000 0.000000 0.000000 0.000000 1.000000
0.998397 0.056593 0.000350 0.000000 -0.056587 0.998153 0.022098 0.511393 0.000901 -0.022082 0.999756 0.000000 0.000000 0.000000 0.000000 1.000000
0.999804 0.019817 -0.000162 0.000000 -0.019815 0.999774 0.007734 0.178988 0.000315 -0.007729 0.999970 0.000000 0.000000 0.000000 0.000000 1.000000
1.000000 0.000000 0.000000 0.000000 0.000000 1.000000 0.000000 0.000000 0.000000 0.000000 1.000000 0.000000 0.000000 0.000000 0.000000 1.000000
1.000000 0.000000 0.000000 0.000000 0.000000 1.000000 0.000000 0.000000 0.000000 0.000000 1.000000 0.000000 0.000000 0.000000 0.000000 1.000000
1.000000 0.000000 0.000000 0.000000 0.000000 1.000000 0.000000 0.000000 0.000000 0.000000 1.000000 0.000000 0.000000 0.000000 0.000000 1.000000
1.000000 0.000000 0.000000 0.000000 0.000000 1.000000 0.000000 0.000000 0.000000 0.000000 1.000000 0.000000 0.000000 0.000000 0.000000 1.000000
1.000000 0.000000 0.000000 0.000000 0.000000 1.000000 0.000000 0.000000 0.000000 0.000000 1.000000 0.000000 0.000000 0.000000 0.000000 1.000000
1.000000 0.000000 0.000000 0.000000 0.000000 1.000000 0.000000 0.000000 0.000000 0.000000 1.000000 0.000000 0.000000 0.000000 0.000000 1.000000
1.000000 0.000000 0.000000 0.000000 0.000000 1.000000 0.000000 0.000000 0.000000 0.000000 1.000000 0.000000 0.000000 0.000000 0.000000 1.000000
1.000000 0.000000 0.000000 0.000000 0.000000 1.000000 0.000000 0.000000 0.000000 0.000000 1.000000 0.000000 0.000000 0.000000 0.000000 1.000000
1.000000 0.000000 0.000000 0.000000 0.000000 1.000000 0.000000 0.000000 0.000000 0.000000 1.000000 0.000000 0.000000 0.000000 0.000000 1.000000
1.000000 0.000000 0.000000 0.000000 0.000000 1.000000 0.000000 0.000000 0.000000 0.000000 1.000000 0.000000 0.000000 0.000000 0.000000 1.000000
1.000000 0.000000 0.000000 0.000000 0.000000 1.000000 0.000000 0.000000 0.000000 0.000000 1.000000 0.000000 0.000000 0.000000 0.000000 1.000000
1.000000 0.000000 0.000000 0.000000 0.000000 1.000000 0.000000 0.000000 0.000000 0.000000 1.000000 0.000000 0.000000 0.000000 0.000000 1.000000
1.000000 0.000000 0.000000 0.000000 0.000000 1.000000 0.000000 0.000000 0.000000 0.000000 1.000000 0.000000 0.000000 0.000000 0.000000 1.000000
1.000000 0.000000 0.000000 0.000000 0.000000 1.000000 0.000000 0.000000 0.000000 0.000000 1.000000 0.000000 0.000000 0.000000 0.000000 1.000000
1.000000 0.000000 0.000000 0.000000 0.000000 1.000000 0.000000 0.000000 0.000000 0.000000 1.000000 0.000000 0.000000 0.000000 0.000000 1.000000
1.000000 0.000000 0.000000 0.000000 0.000000 1.000000 0.000000 0.000000 0.000000 0.000000 1.000000 0.000000 0.000000 0.000000 0.000000 1.000000
1.000000 0.000000 0.000000 0.000000 0.000000 1.000000 0.000000 0.000000 0.000000 0.000000 1.000000 0.000000 0.000000 0.000000 0.000000 1.000000
1.000000 0.000000 0.000000 0.000000 0.000000 1.000000 0.000000 0.000000 0.000000 0.000000 1.000000 0.000000 0.000000 0.000000 0.000000 1.000000
1.000000 0.000000 0.000000 0.000000 0.000000 1.000000 0.000000 0.000000 0.000000 0.000000 1.000000 0.000000 0.000000 0.000000 0.000000 1.000000
1.000000 0.000000 0.000000 0.000000 0.000000 1.000000 0.000000 0.000000 0.000000 0.000000 1.000000 0.000000 0.000000 0.000000 0.000000 1.000000
1.000000 0.000000 0.000000 0.000000 0.000000 1.000000 0.000000 0.000000 0.000000 0.000000 1.000000 0.000000 0.000000 0.000000 0.000000 1.000000
1.000000 0.000000 0.000000 0.000000 0.000000 1.000000 0.000000 0.000000 0.000000 0.000000 1.000000 0.000000 0.000000 0.000000 0.000000 1.000000
1.000000 0.000000 0.000000 0.000000 0.000000 1.000000 0.000000 0.000000 0.000000 0.000000 1.000000 0.000000 0.000000 0.000000 0.000000 1.000000
1.000000 0.000000 0.000000 0.000000 0.000000 1.000000 0.000000 0.000000 0.000000 0.000000 1.000000 0.000000 0.000000 0.000000 0.000000 1.000000
1.000000 0.000000 0.000000 0.000000 0.000000 1.000000 0.000000 0.000000 0.000000 0.000000 1.000000 0.000000 0.000000 0.000000 0.000000 1.000000
1.000000 0.000000 0.000000 0.000000 0.000000 1.000000 0.000000 0.000000 0.000000 0.000000 1.000000 0.000000 0.000000 0.000000 0.000000 1.000000
1.000000 0.000000 0.000000 0.000000 0.000000 1.000000 0.000000 0.000000 0.000000 0.000000 1.000000 0.000000 0.000000 0.000000 0.000000 1.000000
1.000000 0.000000 0.000000 0.000000 0.000000 1.000000 0.000000 0.000000 0.000000 0.000000 1.000000 0.000000 0.000000 0.000000 0.000000 1.000000</float_array><technique_common><accessor source="#root_jnt-Matrix-animation-output-transform-array" count="31" stride="16"><param type="float4x4"/></accessor></technique_common></source><source id="root_jnt-Interpolations"><Name_array id="root_jnt-Interpolations-array" count="31">
 LINEAR LINEAR LINEAR LINEAR LINEAR LINEAR LINEAR LINEAR LINEAR LINEAR LINEAR
LINEAR LINEAR LINEAR LINEAR LINEAR LINEAR LINEAR LINEAR LINEAR LINEAR LINEAR LINEAR
LINEAR LINEAR LINEAR LINEAR LINEAR LINEAR LINEAR LINEAR</Name_array><technique_common><accessor source="#root_jnt-Interpolations-array" count="31"><param type="name"/></accessor></technique_common></source><sampler id="root_jnt-Matrix-animation-transform"><input semantic="INPUT" source="#root_jnt-Matrix-animation-input"/><input semantic="OUTPUT" source="#root_jnt-Matrix-animation-output-transform"/><input semantic="INTERPOLATION" source="#root_jnt-Interpolations"/></sampler><channel source="#root_jnt-Matrix-animation-transform" target="root_jnt/matrix"/></animation></animation>
    <animation id="neck01_jnt-anim" name="neck01_jnt"><animation><source id="neck01_jnt-Matrix-animation-input"><float_array id="neck01_jnt-Matrix-animation-input-array" count="31">

0.000000 0.033333 0.066667 0.100000 0.133333 0.166667 0.200000 0.233333 0.266667 0.300000 0.333333 0.366667 0.400000 0.433333 0.466667 0.500000
0.533333 0.566667 0.600000 0.633333 0.666667 0.700000 0.733333 0.766667 0.800000 0.833333 0.866667 0.900000 0.933333 0.966667 1.000000</float_array><technique_common><accessor source="#neck01_jnt-Matrix-animation-input-array" count="31"><param name="TIME" type="float"/></accessor></technique_common></source><source id="neck01_jnt-Matrix-animation-output-transform"><float_array id="neck01_jnt-Matrix-animation-output-transform-array" count="496">

0.904470 -0.272148 -0.328434 -1.350344 -0.209641 0.386943 -0.897957 3.468175 0.371462 0.881028 0.292925 -0.150793 0.000000 0.000000 0.000000 1.000000
0.901187 -0.277171 -0.333225 -1.350344 -0.213127 0.386067 -0.897513 3.468175 0.377412 0.879846 0.288846 -0.150793 0.000000 0.000000 0.000000 1.000000
0.895066 -0.286313 -0.341879 -1.350344 -0.219484 0.384517 -0.896646 3.468175 0.388180 0.877594 0.281327 -0.150793 0.000000 0.000000 0.000000 1.000000
0.891760 -0.291139 -0.346414 -1.350344 -0.222847 0.383721 -0.896157 3.468175 0.393832 0.876354 0.277307 -0.150793 0.000000 0.000000 0.000000 1.000000
0.896405 -0.253282 -0.363739 -1.350344 -0.198532 0.504278 -0.840410 3.468175 0.396286 0.825562 0.401752 -0.150793 0.000000 0.000000 0.000000 1.000000
0.908615 -0.173270 -0.379995 -1.350344 -0.146961 0.719028 -0.679265 3.468175 0.390924 0.673035 0.627856 -0.150793 0.000000 0.000000 0.000000 1.000000
0.923033 -0.098430 -0.371917 -1.350344 -0.099417 0.872857 -0.477742 3.468175 0.371655 0.477946 0.795890 -0.150793 0.000000 0.000000 0.000000 1.000000
0.936017 -0.043125 -0.349303 -1.350344 -0.065375 0.953890 -0.292951 3.468175 0.345830 0.297043 0.890038 -0.150793 0.000000 0.000000 0.000000 1.000000
0.946775 -0.004034 -0.321872 -1.350344 -0.042514 0.989595 -0.137454 3.468175 0.319078 0.143822 0.936752 -0.150793 0.000000 0.000000 0.000000 1.000000
0.955683 0.024146 -0.293406 -1.350344 -0.026839 0.999626 -0.005158 3.468175 0.293172 0.012804 0.955974 -0.150793 0.000000 0.000000 0.000000 1.000000
0.963212 0.044852 -0.264974 -1.350344 -0.015537 0.993619 0.111711 3.468175 0.268294 -0.103484 0.957763 -0.150793 0.000000 0.000000 0.000000 1.000000
0.969676 0.059954 -0.236927 -1.350344 -0.006939 0.975807 0.218525 3.468175 0.244296 -0.210255 0.946632 -0.150793 0.000000 0.000000 0.000000 1.000000
0.975256 0.070459 -0.209548 -1.350344 -0.000080 0.947965 0.318374 3.468175 0.221077 -0.310480 0.924515 -0.150793 0.000000 0.000000 0.000000 1.000000
0.980058 0.076997 -0.183189 -1.350344 0.005608 0.910793 0.412826 3.468175 0.198634 -0.405621 0.892198 -0.150793 0.000000 0.000000 0.000000 1.000000
0.984142 0.080074 -0.158280 -1.350344 0.010456 0.864572 0.502401 3.468175 0.177074 -0.496089 0.850024 -0.150793 0.000000 0.000000 0.000000 1.000000
0.987556 0.080207 -0.135279 -1.350344 0.014656 0.809496 0.586942 3.468175 0.156585 -0.581621 0.798247 -0.150793 0.000000 0.000000 0.000000 1.000000
0.990347 0.077985 -0.114587 -1.350344 0.018323 0.745791 0.665928 3.468175 0.137390 -0.661600 0.737163 -0.150793 0.000000 0.000000 0.000000 1.000000
0.992571 0.074083 -0.096515 -1.350344 0.021518 0.673865 0.738541 3.468175 0.119751 -0.735131 0.667264 -0.150793 0.000000 0.000000 0.000000 1.000000
0.994287 0.069248 -0.081234 -1.350344 0.024266 0.594457 0.803761 3.468175 0.103949 -0.801140 0.589380 -0.150793 0.000000 0.000000 0.000000 1.000000
0.995562 0.064264 -0.068747 -1.350344 0.026573 0.508827 0.860458 3.468175 0.090277 -0.858467 0.504862 -0.150793 0.000000 0.000000 0.000000 1.000000
0.996466 0.059892 -0.058895 -1.350344 0.028424 0.419356 0.907377 3.468175 0.079042 -0.905844 0.416172 -0.150793 0.000000 0.000000 0.000000 1.000000
0.997062 0.056769 -0.051426 -1.350344 0.029796 0.331051 0.943142 3.468175 0.070566 -0.941904 0.328387 -0.150793 0.000000 0.000000 0.000000 1.000000
0.997402 0.055209 -0.046283 -1.350344 0.030654 0.256148 0.966151 3.468175 0.065195 -0.965060 0.253790 -0.150793 0.000000 0.000000 0.000000 1.000000
0.997514 0.054859 -0.044239 -1.350344 0.030952 0.222927 0.974344 3.468175 0.063313 -0.973290 0.220675 -0.150793 0.000000 0.000000 0.000000 1.000000
0.997000 0.057083 -0.052266 -1.350344 0.029671 0.341806 0.939302 3.468175 0.071483 -0.938035 0.339087 -0.150793 0.000000 0.000000 0.000000 1.000000
0.996419 0.060122 -0.059449 -1.350344 0.028371 0.424597 0.904938 3.468175 0.079649 -0.903384 0.421371 -0.150793 0.000000 0.000000 0.000000 1.000000
0.996538 0.059509 -0.058064 -1.350344 0.028626 0.410087 0.911597 3.468175 0.078059 -0.910103 0.406963 -0.150793 0.000000 0.000000 0.000000 1.000000
0.996751 0.058392 -0.055485 -1.350344 0.029096 0.381312 0.923988 3.468175 0.075110 -0.922600 0.378374 -0.150793 0.000000 0.000000 0.000000 1.000000
0.996862 0.057807 -0.054086 -1.350344 0.029348 0.364661 0.930678 3.468175 0.073523 -0.929344 0.361820 -0.150793 0.000000 0.000000 0.000000 1.000000
0.996862 0.057807 -0.054086 -1.350344 0.029348 0.364661 0.930678 3.468175 0.073523 -0.929344 0.361820 -0.150793 0.000000 0.000000 0.000000 1.000000
0.996862 0.057807 -0.054086 -1.350344 0.029348 0.364661 0.930678 3.468175 0.073523 -0.929344 0.361820 -0.150793 0.000000 0.000000 0.000000 1.000000</float_array><technique_common><accessor source="#neck01_jnt-Matrix-animation-output-transform-array" count="31" stride="16"><param type="float4x4"/></accessor></technique_common></source><source id="neck01_jnt-Interpolations"><Name_array id="neck01_jnt-Interpolations-array" count="31">
 LINEAR LINEAR LINEAR LINEAR LINEAR LINEAR LINEAR LINEAR LINEAR LINEAR LINEAR
LINEAR LINEAR LINEAR LINEAR LINEAR LINEAR LINEAR LINEAR LINEAR LINEAR LINEAR LINEAR
LINEAR LINEAR LINEAR LINEAR LINEAR LINEAR LINEAR LINEAR</Name_array><technique_common><accessor source="#neck01_jnt-Interpolations-array" count="31"><param type="name"/></accessor></technique_common></source><sampler id="neck01_jnt-Matrix-animation-transform"><input semantic="INPUT" source="#neck01_jnt-Matrix-animation-input"/><input semantic="OUTPUT" source="#neck01_jnt-Matrix-animation-output-transform"/><input semantic="INTERPOLATION" source="#neck01_jnt-Interpolations"/></sampler><channel source="#neck01_jnt-Matrix-animation-transform" target="neck01_jnt/matrix"/></animation></animation>
    <animation id="neck02_jnt-anim" name="neck02_jnt"><animation><source id="neck02_jnt-Matrix-animation-input"><float_array id="neck02_jnt-Matrix-animation-input-array" count="31">

0.000000 0.033333 0.066667 0.100000 0.133333 0.166667 0.200000 0.233333 0.266667 0.300000 0.333333 0.366667 0.400000 0.433333 0.466667 0.500000
0.533333 0.566667 0.600000 0.633333 0.666667 0.700000 0.733333 0.766667 0.800000 0.833333 0.866667 0.900000 0.933333 0.966667 1.000000</float_array><technique_common><accessor source="#neck02_jnt-Matrix-animation-input-array" count="31"><param name="TIME" type="float"/></accessor></technique_common></source><source id="neck02_jnt-Matrix-animation-output-transform"><float_array id="neck02_jnt-Matrix-animation-output-transform-array" count="496">

0.999470 -0.002983 -0.032416 0.000000 0.000000 -0.995794 0.091620 -0.000000 -0.032553 -0.091571 -0.995266 1.061054 0.000000 0.000000 0.000000 1.000000
0.999470 -0.002983 -0.032416 -0.000000 0.000000 -0.995794 0.091620 -0.000000 -0.032553 -0.091571 -0.995266 1.061054 0.000000 0.000000 0.000000 1.000000
0.999470 -0.002983 -0.032416 0.000000 -0.000000 -0.995794 0.091620 -0.000000 -0.032553 -0.091571 -0.995266 1.061054 0.000000 0.000000 0.000000 1.000000
0.999470 -0.002983 -0.032416 0.000000 0.000000 -0.995794 0.091620 -0.000000 -0.032553 -0.091571 -0.995266 1.061054 0.000000 0.000000 0.000000 1.000000
0.999470 -0.003505 -0.032364 0.000000 0.000000 -0.994186 0.107675 -0.000000 -0.032553 -0.107618 -0.993659 1.061054 0.000000 0.000000 0.000000 1.000000
0.999470 -0.004909 -0.032181 -0.000000 0.000000 -0.988566 0.150787 -0.000000 -0.032553 -0.150707 -0.988042 1.061054 0.000000 0.000000 0.000000 1.000000
0.999470 -0.006980 -0.031796 0.000000 0.000000 -0.976741 0.214422 -0.000000 -0.032553 -0.214309 -0.976223 1.061054 0.000000 0.000000 0.000000 1.000000
0.999470 -0.009606 -0.031104 0.000000 0.000000 -0.955467 0.295097 -0.000000 -0.032553 -0.294941 -0.954961 1.061054 0.000000 0.000000 0.000000 1.000000
0.999470 -0.012666 -0.029988 0.000000 -0.000000 -0.921204 0.389081 -0.000000 -0.032553 -0.388875 -0.920715 1.061054 0.000000 0.000000 0.000000 1.000000
0.999470 -0.016018 -0.028340 0.000000 0.000000 -0.870566 0.492051 -0.000000 -0.032553 -0.491790 -0.870105 1.061054 0.000000 0.000000 0.000000 1.000000
0.999470 -0.019502 -0.026065 0.000000 -0.000000 -0.800691 0.599077 -0.000000 -0.032553 -0.598759 -0.800267 1.061054 0.000000 0.000000 0.000000 1.000000
0.999470 -0.022936 -0.023101 0.000000 -0.000000 -0.709645 0.704559 -0.000000 -0.032553 -0.704186 -0.709269 1.061054 0.000000 0.000000 0.000000 1.000000
0.999470 -0.026123 -0.019425 -0.000000 0.000000 -0.596714 0.802454 -0.000000 -0.032553 -0.802029 -0.596398 1.061054 0.000000 0.000000 0.000000 1.000000
0.999470 -0.028863 -0.015056 0.000000 0.000000 -0.462496 0.886621 -0.000000 -0.032553 -0.886152 -0.462251 1.061054 0.000000 0.000000 0.000000 1.000000
0.999470 -0.030959 -0.010062 -0.000000 0.000000 -0.309102 0.951029 -0.000000 -0.032553 -0.950525 -0.308938 1.061054 0.000000 0.000000 0.000000 1.000000
0.999470 -0.032232 -0.004565 0.000000 0.000000 -0.140239 0.990118 -0.000000 -0.032553 -0.989593 -0.140165 1.061054 0.000000 0.000000 0.000000 1.000000
0.999470 -0.032529 0.001269 -0.000000 0.000000 0.038997 0.999239 -0.000000 -0.032553 -0.998710 0.038976 1.061054 0.000000 0.000000 0.000000 1.000000
0.999470 -0.031740 0.007230 0.000000 0.000000 0.222098 0.975024 -0.000000 -0.032553 -0.974508 0.221980 1.061054 0.000000 0.000000 0.000000 1.000000
0.999470 -0.029817 0.013065 0.000000 -0.000000 0.401330 0.915933 -0.000000 -0.032553 -0.915448 0.401117 1.061054 0.000000 0.000000 0.000000 1.000000
0.999470 -0.026790 0.018494 -0.000000 0.000000 0.568108 0.822954 -0.000000 -0.032553 -0.822518 0.567807 1.061054 0.000000 0.000000 0.000000 1.000000
0.999470 -0.022818 0.023218 0.000000 0.000000 0.713233 0.700927 -0.000000 -0.032553 -0.700556 0.712855 1.061054 0.000000 0.000000 0.000000 1.000000
0.999470 -0.018283 0.026934 0.000000 0.000000 0.827390 0.561628 -0.000000 -0.032553 -0.561330 0.826951 1.061054 0.000000 0.000000 0.000000 1.000000
0.999470 -0.014080 0.029351 0.000000 0.000000 0.901619 0.432531 -0.000000 -0.032553 -0.432302 0.901141 1.061054 0.000000 0.000000 0.000000 1.000000
0.999470 -0.012137 0.030206 0.000000 -0.000000 0.927904 0.372819 -0.000000 -0.032553 -0.372621 0.927412 1.061054 0.000000 0.000000 0.000000 1.000000
0.999470 -0.018862 0.026532 0.000000 0.000000 0.815030 0.579419 -0.000000 -0.032553 -0.579112 0.814598 1.061054 0.000000 0.000000 0.000000 1.000000
0.999470 -0.023069 0.022968 0.000000 0.000000 0.705555 0.708656 -0.000000 -0.032553 -0.708280 0.705181 1.061054 0.000000 0.000000 0.000000 1.000000
0.999470 -0.022367 0.023653 0.000000 -0.000000 0.726575 0.687087 -0.000000 -0.032553 -0.686723 0.726190 1.061054 0.000000 0.000000 0.000000 1.000000
0.999470 -0.020928 0.024934 0.000000 -0.000000 0.765955 0.642895 -0.000000 -0.032553 -0.642554 0.765549 1.061054 0.000000 0.000000 0.000000 1.000000
0.999470 -0.020070 0.025631 -0.000000 0.000000 0.787343 0.616516 -0.000000 -0.032553 -0.616189 0.786925 1.061054 0.000000 0.000000 0.000000 1.000000
0.999470 -0.020070 0.025631 -0.000000 0.000000 0.787343 0.616516 -0.000000 -0.032553 -0.616189 0.786925 1.061054 0.000000 0.000000 0.000000 1.000000
0.999470 -0.020070 0.025631 -0.000000 0.000000 0.787343 0.616516 -0.000000 -0.032553 -0.616189 0.786925 1.061054 0.000000 0.000000 0.000000 1.000000</float_array><technique_common><accessor source="#neck02_jnt-Matrix-animation-output-transform-array" count="31" stride="16"><param type="float4x4"/></accessor></technique_common></source><source id="neck02_jnt-Interpolations"><Name_array id="neck02_jnt-Interpolations-array" count="31">
 LINEAR LINEAR LINEAR LINEAR LINEAR LINEAR LINEAR LINEAR LINEAR LINEAR LINEAR
LINEAR LINEAR LINEAR LINEAR LINEAR LINEAR LINEAR LINEAR LINEAR LINEAR LINEAR LINEAR
LINEAR LINEAR LINEAR LINEAR LINEAR LINEAR LINEAR LINEAR</Name_array><technique_common><accessor source="#neck02_jnt-Interpolations-array" count="31"><param type="name"/></accessor></technique_common></source><sampler id="neck02_jnt-Matrix-animation-transform"><input semantic="INPUT" source="#neck02_jnt-Matrix-animation-input"/><input semantic="OUTPUT" source="#neck02_jnt-Matrix-animation-output-transform"/><input semantic="INTERPOLATION" source="#neck02_jnt-Interpolations"/></sampler><channel source="#neck02_jnt-Matrix-animation-transform" target="neck02_jnt/matrix"/></animation></animation>
    <animation id="head_jnt-anim" name="head_jnt"><animation><source id="head_jnt-Matrix-animation-input"><float_array id="head_jnt-Matrix-animation-input-array" count="31">

0.000000 0.033333 0.066667 0.100000 0.133333 0.166667 0.200000 0.233333 0.266667 0.300000 0.333333 0.366667 0.400000 0.433333 0.466667 0.500000
0.533333 0.566667 0.600000 0.633333 0.666667 0.700000 0.733333 0.766667 0.800000 0.833333 0.866667 0.900000 0.933333 0.966667 1.000000</float_array><technique_common><accessor source="#head_jnt-Matrix-animation-input-array" count="31"><param name="TIME" type="float"/></accessor></technique_common></source><source id="head_jnt-Matrix-animation-output-transform"><float_array id="head_jnt-Matrix-animation-output-transform-array" count="496">

0.914683 -0.180299 0.361730 0.000000 0.298381 -0.302463 -0.905254 0.000000 0.272626 0.935953 -0.222860 1.151551 0.000000 0.000000 0.000000 1.000000
0.911557 -0.183797 0.367809 0.000000 0.303832 -0.301621 -0.903721 0.000000 0.277040 0.935544 -0.219102 1.151551 0.000000 0.000000 0.000000 1.000000
0.905721 -0.190179 0.378816 0.000000 0.313746 -0.300138 -0.900822 0.000000 0.285014 0.934746 -0.212173 1.151551 0.000000 0.000000 0.000000 1.000000
0.902564 -0.193556 0.384596 0.000000 0.318976 -0.299380 -0.899236 0.000000 0.289193 0.934295 -0.208470 1.151551 0.000000 0.000000 0.000000 1.000000
0.907887 -0.170979 0.382763 0.000000 0.287634 -0.410164 -0.865467 0.000000 0.304972 0.895841 -0.323203 1.151551 0.000000 0.000000 0.000000 1.000000
0.920920 -0.124418 0.369359 0.000000 0.223590 -0.607582 -0.762137 0.000000 0.319240 0.784452 -0.531715 1.151551 0.000000 0.000000 0.000000 1.000000
0.935464 -0.083031 0.343531 0.000000 0.168689 -0.749248 -0.640446 0.000000 0.310567 0.657064 -0.686888 1.151551 0.000000 0.000000 0.000000 1.000000
0.948132 -0.054442 0.313179 0.000000 0.134459 -0.824058 -0.550317 0.000000 0.288038 0.563883 -0.773996 1.151551 0.000000 0.000000 0.000000 1.000000
0.958413 -0.035939 0.283114 0.000000 0.116067 -0.857202 -0.501730 0.000000 0.260718 0.513725 -0.817382 1.151551 0.000000 0.000000 0.000000 1.000000
0.966778 -0.023747 0.254513 0.000000 0.106968 -0.866719 -0.487193 0.000000 0.232161 0.498232 -0.835384 1.151551 0.000000 0.000000 0.000000 1.000000
0.973709 -0.015327 0.227280 0.000000 0.102537 -0.861451 -0.497381 0.000000 0.203414 0.507609 -0.837231 1.151551 0.000000 0.000000 0.000000 1.000000
0.979512 -0.009207 0.201174 0.000000 0.099858 -0.845293 -0.524889 0.000000 0.174884 0.534224 -0.827055 1.151551 0.000000 0.000000 0.000000 1.000000
0.984364 -0.004543 0.176085 0.000000 0.097146 -0.819885 -0.564226 0.000000 0.146933 0.572510 -0.806624 1.151551 0.000000 0.000000 0.000000 1.000000
0.988374 -0.000843 0.152042 0.000000 0.093367 -0.785872 -0.611300 0.000000 0.120001 0.618389 -0.776656 1.151551 0.000000 0.000000 0.000000 1.000000
0.991617 0.002185 0.129196 0.000000 0.088007 -0.743517 -0.662901 0.000000 0.094611 0.668714 -0.737476 1.151551 0.000000 0.000000 0.000000 1.000000
0.994163 0.004716 0.107784 0.000000 0.080954 -0.693004 -0.716374 0.000000 0.071317 0.720918 -0.689341 1.151551 0.000000 0.000000 0.000000 1.000000
0.996090 0.006855 0.088076 0.000000 0.072407 -0.634539 -0.769492 0.000000 0.050613 0.772861 -0.632554 1.151551 0.000000 0.000000 0.000000 1.000000
0.997483 0.008666 0.070371 0.000000 0.062809 -0.568493 -0.820287 0.000000 0.032897 0.822642 -0.567607 1.151551 0.000000 0.000000 0.000000 1.000000
0.998435 0.010185 0.054980 0.000000 0.052796 -0.495543 -0.866977 0.000000 0.018415 0.868524 -0.495306 1.151551 0.000000 0.000000 0.000000 1.000000
0.999044 0.011428 0.042205 0.000000 0.043125 -0.416838 -0.907957 0.000000 0.007217 0.908909 -0.416932 1.151551 0.000000 0.000000 0.000000 1.000000
0.999401 0.012399 0.032325 0.000000 0.034610 -0.334558 -0.941739 0.000000 -0.000862 0.942293 -0.334787 1.151551 0.000000 0.000000 0.000000 1.000000
0.999588 0.013096 0.025548 0.000000 0.028033 -0.253307 -0.966980 0.000000 -0.006193 0.967297 -0.253570 1.151551 0.000000 0.000000 0.000000 1.000000
0.999669 0.013514 0.021872 0.000000 0.023990 -0.184353 -0.982567 0.000000 -0.009246 0.982767 -0.184616 1.151551 0.000000 0.000000 0.000000 1.000000
0.999690 0.013652 0.020813 0.000000 0.022666 -0.153760 -0.987848 0.000000 -0.010286 0.988014 -0.154022 1.151551 0.000000 0.000000 0.000000 1.000000
0.999593 0.013501 0.025129 0.000000 0.027797 -0.263113 -0.964364 0.000000 -0.006408 0.964671 -0.263381 1.151551 0.000000 0.000000 0.000000 1.000000
0.999443 0.013304 0.030620 0.000000 0.033318 -0.339192 -0.940127 0.000000 -0.002121 0.940623 -0.339446 1.151551 0.000000 0.000000 0.000000 1.000000
0.999476 0.013345 0.029499 0.000000 0.032238 -0.325863 -0.944867 0.000000 -0.002997 0.945323 -0.326122 1.151551 0.000000 0.000000 0.000000 1.000000
0.999532 0.013418 0.027479 0.000000 0.030236 -0.299424 -0.953641 0.000000 -0.004568 0.954026 -0.299690 1.151551 0.000000 0.000000 0.000000 1.000000
0.999560 0.013455 0.026430 0.000000 0.029164 -0.284122 -0.958345 0.000000 -0.005385 0.958694 -0.284389 1.151551 0.000000 0.000000 0.000000 1.000000
0.999560 0.013455 0.026430 0.000000 0.029164 -0.284122 -0.958345 0.000000 -0.005385 0.958694 -0.284389 1.151551 0.000000 0.000000 0.000000 1.000000
