<?xml version="1.0" encoding="utf-8"?>
<COLLADA xmlns="http://www.collada.org/2005/11/COLLADASchema" version="1.4.1">
  <asset><contributor><author></author><authoring_tool>FBX COLLADA exporter</authoring_tool><comments></comments></contributor><created>2020-04-22T21:55:54Z</created><keywords></keywords><modified>2020-04-22T21:55:54Z</modified><revision></revision><subject></subject><title></title><unit meter="0.010000" name="centimeter"></unit><up_axis>Y_UP</up_axis></asset>
  <library_animations>
    <animation id="master_ctrl-anim" name="master_ctrl"><animation><source id="master_ctrl-Matrix-animation-input"><float_array id="master_ctrl-Matrix-animation-input-array" count="31">

0.000000 0.033333 0.066667 0.100000 0.133333 0.166667 0.200000 0.233333 0.266667 0.300000 0.333333 0.366667 0.400000 0.433333 0.466667 0.500000
0.533333 0.566667 0.600000 0.633333 0.666667 0.700000 0.733333 0.766667 0.800000 0.833333 0.866667 0.900000 0.933333 0.966667 1.000000</float_array><technique_common><accessor source="#master_ctrl-Matrix-animation-input-array" count="31"><param name="TIME" type="float"/></accessor></technique_common></source><source id="master_ctrl-Matrix-animation-output-transform"><float_array id="master_ctrl-Matrix-animation-output-transform-array" count="496">

1.000000 0.000000 0.000000 0.000000 0.000000 1.000000 0.000000 0.000000 0.000000 0.000000 1.000000 0.000000 0.000000 0.000000 0.000000 1.000000
1.000000 0.000000 0.000000 0.000000 0.000000 1.000000 0.000000 0.017464 0.000000 0.000000 1.000000 0.000000 0.000000 0.000000 0.000000 1.000000
1.000000 0.000000 0.000000 0.000000 0.000000 1.000000 0.000000 0.044453 0.000000 0.000000 1.000000 0.000000 0.000000 0.000000 0.000000 1.000000
1.000000 0.000000 0.000000 0.000000 0.000000 1.000000 0.000000 0.038896 0.000000 0.000000 1.000000 0.000000 0.000000 0.000000 0.000000 1.000000
1.000000 0.000000 0.000000 0.000000 0.000000 1.000000 0.000000 0.001389 0.000000 0.000000 1.000000 0.000000 0.000000 0.000000 0.000000 1.000000
1.000000 0.000000 0.000000 0.000000 0.000000 1.000000 0.000000 0.000000 0.000000 0.000000 1.000000 0.000000 0.000000 0.000000 0.000000 1.000000
1.000000 0.000000 0.000000 0.000000 0.000000 1.000000 0.000000 0.000000 0.000000 0.000000 1.000000 0.000000 0.000000 0.000000 0.000000 1.000000
1.000000 0.000000 0.000000 0.000000 0.000000 1.000000 0.000000 0.000000 0.000000 0.000000 1.000000 0.000000 0.000000 0.000000 0.000000 1.000000
1.000000 0.000000 0.000000 0.000000 0.000000 1.000000 0.000000 0.000000 0.000000 0.000000 1.000000 0.000000 0.000000 0.000000 0.000000 1.000000
1.000000 0.000000 0.000000 0.000000 0.000000 1.000000 0.000000 0.000000 0.000000 0.000000 1.000000 0.000000 0.000000 0.000000 0.000000 1.000000
1.000000 0.000000 0.000000 0.000000 0.000000 1.000000 0.000000 0.007752 0.000000 0.000000 1.000000 0.000000 0.000000 0.000000 0.000000 1.000000
1.000000 0.000000 0.000000 0.000000 0.000000 1.000000 0.000000 0.028515 0.000000 0.000000 1.000000 0.000000 0.000000 0.000000 0.000000 1.000000
1.000000 0.000000 0.000000 0.000000 0.000000 1.000000 0.000000 0.046599 0.000000 0.000000 1.000000 0.000000 0.000000 0.000000 0.000000 1.000000
1.000000 0.000000 0.000000 0.000000 0.000000 1.000000 0.000000 0.038896 0.000000 0.000000 1.000000 0.000000 0.000000 0.000000 0.000000 1.000000
1.000000 0.000000 0.000000 0.000000 0.000000 1.000000 0.000000 0.001389 0.000000 0.000000 1.000000 0.000000 0.000000 0.000000 0.000000 1.000000
1.000000 0.000000 0.000000 0.000000 0.000000 1.000000 0.000000 0.000000 0.000000 0.000000 1.000000 0.000000 0.000000 0.000000 0.000000 1.000000
1.000000 0.000000 0.000000 0.000000 0.000000 1.000000 0.000000 0.000000 0.000000 0.000000 1.000000 0.000000 0.000000 0.000000 0.000000 1.000000
1.000000 0.000000 0.000000 0.000000 0.000000 1.000000 0.000000 0.000000 0.000000 0.000000 1.000000 0.000000 0.000000 0.000000 0.000000 1.000000
1.000000 0.000000 0.000000 0.000000 0.000000 1.000000 0.000000 0.000000 0.000000 0.000000 1.000000 0.000000 0.000000 0.000000 0.000000 1.000000
1.000000 0.000000 0.000000 0.000000 0.000000 1.000000 0.000000 0.000000 0.000000 0.000000 1.000000 0.000000 0.000000 0.000000 0.000000 1.000000
1.000000 0.000000 0.000000 0.000000 0.000000 1.000000 0.000000 0.007752 0.000000 0.000000 1.000000 0.000000 0.000000 0.000000 0.000000 1.000000
1.000000 0.000000 0.000000 0.000000 0.000000 1.000000 0.000000 0.028515 0.000000 0.000000 1.000000 0.000000 0.000000 0.000000 0.000000 1.000000
1.000000 0.000000 0.000000 0.000000 0.000000 1.000000 0.000000 0.046599 0.000000 0.000000 1.000000 0.000000 0.000000 0.000000 0.000000 1.000000
1.000000 0.000000 0.000000 0.000000 0.000000 1.000000 0.000000 0.038896 0.000000 0.000000 1.000000 0.000000 0.000000 0.000000 0.000000 1.000000
1.000000 0.000000 0.000000 0.000000 0.000000 1.000000 0.000000 0.001389 0.000000 0.000000 1.000000 0.000000 0.000000 0.000000 0.000000 1.000000
1.000000 0.000000 0.000000 0.000000 0.000000 1.000000 0.000000 0.000000 0.000000 0.000000 1.000000 0.000000 0.000000 0.000000 0.000000 1.000000
1.000000 0.000000 0.000000 0.000000 0.000000 1.000000 0.000000 0.000000 0.000000 0.000000 1.000000 0.000000 0.000000 0.000000 0.000000 1.000000
1.000000 0.000000 0.000000 0.000000 0.000000 1.000000 0.000000 0.000000 0.000000 0.000000 1.000000 0.000000 0.000000 0.000000 0.000000 1.000000
1.000000 0.000000 0.000000 0.000000 0.000000 1.000000 0.000000 0.000000 0.000000 0.000000 1.000000 0.000000 0.000000 0.000000 0.000000 1.000000
1.000000 0.000000 0.000000 0.000000 0.000000 1.000000 0.000000 0.000000 0.000000 0.000000 1.000000 0.000000 0.000000 0.000000 0.000000 1.000000
1.000000 0.000000 0.000000 0.000000 0.000000 1.000000 0.000000 0.007752 0.000000 0.000000 1.000000 0.000000 0.000000 0.000000 0.000000 1.000000</float_array><technique_common><accessor source="#master_ctrl-Matrix-animation-output-transform-array" count="31" stride="16"><param type="float4x4"/></accessor></technique_common></source><source id="master_ctrl-Interpolations"><Name_array id="master_ctrl-Interpolations-array" count="31">
 LINEAR LINEAR LINEAR LINEAR LINEAR LINEAR LINEAR LINEAR LINEAR LINEAR LINEAR
LINEAR LINEAR LINEAR LINEAR LINEAR LINEAR LINEAR LINEAR LINEAR LINEAR LINEAR LINEAR
LINEAR LINEAR LINEAR LINEAR LINEAR LINEAR LINEAR LINEAR</Name_array><technique_common><accessor source="#master_ctrl-Interpolations-array" count="31"><param type="name"/></accessor></technique_common></source><sampler id="master_ctrl-Matrix-animation-transform"><input semantic="INPUT" source="#master_ctrl-Matrix-animation-input"/><input semantic="OUTPUT" source="#master_ctrl-Matrix-animation-output-transform"/><input semantic="INTERPOLATION" source="#master_ctrl-Interpolations"/></sampler><channel source="#master_ctrl-Matrix-animation-transform" target="master_ctrl/matrix"/></animation><animation><source id="master_ctrl-visibility-animation-input"><float_array id="master_ctrl-visibility-animation-input-array" count="31">

0.000000 0.033333 0.066667 0.100000 0.133333 0.166667 0.200000 0.233333 0.266667 0.300000 0.333333 0.366667 0.400000 0.433333 0.466667 0.500000
0.533333 0.566667 0.600000 0.633333 0.666667 0.700000 0.733333 0.766667 0.800000 0.833333 0.866667 0.900000 0.933333 0.966667 1.000000</float_array><technique_common><accessor source="#master_ctrl-visibility-animation-input-array" count="31"><param name="TIME" type="float"/></accessor></technique_common></source><source id="master_ctrl-visibility-animation-output"><float_array id="master_ctrl-visibility-animation-output-array" count="31">

1.000000 1.000000 1.000000 1.000000 1.000000 1.000000 1.000000 1.000000 1.000000 1.000000 1.000000 1.000000 1.000000 1.000000 1.000000 1.000000
1.000000 1.000000 1.000000 1.000000 1.000000 1.000000 1.000000 1.000000 1.000000 1.000000 1.000000 1.000000 1.000000 1.000000 1.000000</float_array><technique_common><accessor source="#master_ctrl-visibility-animation-output-array" count="31"><param type="float"/></accessor></technique_common></source><source id="master_ctrl-visibility-animation-intan"><float_array id="master_ctrl-visibility-animation-intan-array" count="31">

0.000000 -0.000000 -0.000000 -0.000000 -0.000000 -0.000000 -0.000000 -0.000000 -0.000000 -0.000000 -0.000000 -0.000000 -0.000000 -0.000000 -0.000000 -0.000000
-0.000000 -0.000000 -0.000000 -0.000000 -0.000000 -0.000000 -0.000000 -0.000000 -0.000000 -0.000000 -0.000000 -0.000000 -0.000000 -0.000000 -0.000000</float_array><technique_common><accessor source="#master_ctrl-visibility-animation-intan-array" count="31"><param type="float"/></accessor></technique_common></source><source id="master_ctrl-visibility-animation-outtan"><float_array id="master_ctrl-visibility-animation-outtan-array" count="31">

0.000000 0.000000 0.000000 0.000000 0.000000 0.000000 0.000000 0.000000 0.000000 0.000000 0.000000 0.000000 0.000000 0.000000 0.000000 0.000000
0.000000 0.000000 0.000000 0.000000 0.000000 0.000000 0.000000 0.000000 0.000000 0.000000 0.000000 0.000000 0.000000 0.000000 0.000000</float_array><technique_common><accessor source="#master_ctrl-visibility-animation-outtan-array" count="31"><param type="float"/></accessor></technique_common></source><source id="master_ctrl-visibility-animation-interpolation"><Name_array id="master_ctrl-visibility-animation-interpolation-array" count="31">
 BEZIER BEZIER BEZIER BEZIER BEZIER BEZIER BEZIER BEZIER BEZIER BEZIER BEZIER
BEZIER BEZIER BEZIER BEZIER BEZIER BEZIER BEZIER BEZIER BEZIER BEZIER BEZIER BEZIER
BEZIER BEZIER BEZIER BEZIER BEZIER BEZIER BEZIER BEZIER</Name_array><technique_common><accessor source="#master_ctrl-visibility-animation-interpolation-array" count="31"><param type="name"/></accessor></technique_common></source><sampler id="master_ctrl-visibility-animation"><input semantic="INPUT" source="#master_ctrl-visibility-animation-input"/><input semantic="OUTPUT" source="#master_ctrl-visibility-animation-output"/><input semantic="IN_TANGENT" source="#master_ctrl-visibility-animation-intan"/><input semantic="OUT_TANGENT" source="#master_ctrl-visibility-animation-outtan"/><input semantic="INTERPOLATION" source="#master_ctrl-visibility-animation-interpolation"/></sampler><channel source="#master_ctrl-visibility-animation" target="master_ctrl/visibility"/></animation></animation>
    <animation id="rig_root_jnt-anim" name="rig_root_jnt"><animation><source id="rig_root_jnt-Matrix-animation-input"><float_array id="rig_root_jnt-Matrix-animation-input-array" count="31">

0.000000 0.033333 0.066667 0.100000 0.133333 0.166667 0.200000 0.233333 0.266667 0.300000 0.333333 0.366667 0.400000 0.433333 0.466667 0.500000
0.533333 0.566667 0.600000 0.633333 0.666667 0.700000 0.733333 0.766667 0.800000 0.833333 0.866667 0.900000 0.933333 0.966667 1.000000</float_array><technique_common><accessor source="#rig_root_jnt-Matrix-animation-input-array" count="31"><param name="TIME" type="float"/></accessor></technique_common></source><source id="rig_root_jnt-Matrix-animation-output-transform"><float_array id="rig_root_jnt-Matrix-animation-output-transform-array" count="496">

1.000000 0.000000 0.000000 0.000000 0.000000 1.000000 0.000000 0.000000 0.000000 0.000000 1.000000 0.000000 0.000000 0.000000 0.000000 1.000000
1.000000 0.000000 0.000000 0.000000 0.000000 1.000000 0.000000 0.017464 0.000000 0.000000 1.000000 0.000000 0.000000 0.000000 0.000000 1.000000
1.000000 0.000000 0.000000 0.000000 0.000000 1.000000 0.000000 0.044453 0.000000 0.000000 1.000000 0.000000 0.000000 0.000000 0.000000 1.000000
1.000000 0.000000 0.000000 0.000000 0.000000 1.000000 0.000000 0.038896 0.000000 0.000000 1.000000 0.000000 0.000000 0.000000 0.000000 1.000000
1.000000 0.000000 0.000000 0.000000 0.000000 1.000000 0.000000 0.001389 0.000000 0.000000 1.000000 0.000000 0.000000 0.000000 0.000000 1.000000
1.000000 0.000000 0.000000 0.000000 0.000000 1.000000 0.000000 0.000000 0.000000 0.000000 1.000000 0.000000 0.000000 0.000000 0.000000 1.000000
1.000000 0.000000 0.000000 0.000000 0.000000 1.000000 0.000000 0.000000 0.000000 0.000000 1.000000 0.000000 0.000000 0.000000 0.000000 1.000000
1.000000 0.000000 0.000000 0.000000 0.000000 1.000000 0.000000 0.000000 0.000000 0.000000 1.000000 0.000000 0.000000 0.000000 0.000000 1.000000
1.000000 0.000000 0.000000 0.000000 0.000000 1.000000 0.000000 0.000000 0.000000 0.000000 1.000000 0.000000 0.000000 0.000000 0.000000 1.000000
1.000000 0.000000 0.000000 0.000000 0.000000 1.000000 0.000000 0.000000 0.000000 0.000000 1.000000 0.000000 0.000000 0.000000 0.000000 1.000000
1.000000 0.000000 0.000000 0.000000 0.000000 1.000000 0.000000 0.007752 0.000000 0.000000 1.000000 0.000000 0.000000 0.000000 0.000000 1.000000
1.000000 0.000000 0.000000 0.000000 0.000000 1.000000 0.000000 0.028515 0.000000 0.000000 1.000000 0.000000 0.000000 0.000000 0.000000 1.000000
1.000000 0.000000 0.000000 0.000000 0.000000 1.000000 0.000000 0.046599 0.000000 0.000000 1.000000 0.000000 0.000000 0.000000 0.000000 1.000000
1.000000 0.000000 0.000000 0.000000 0.000000 1.000000 0.000000 0.038896 0.000000 0.000000 1.000000 0.000000 0.000000 0.000000 0.000000 1.000000
1.000000 0.000000 0.000000 0.000000 0.000000 1.000000 0.000000 0.001389 0.000000 0.000000 1.000000 0.000000 0.000000 0.000000 0.000000 1.000000
1.000000 0.000000 0.000000 0.000000 0.000000 1.000000 0.000000 0.000000 0.000000 0.000000 1.000000 0.000000 0.000000 0.000000 0.000000 1.000000
1.000000 0.000000 0.000000 0.000000 0.000000 1.000000 0.000000 0.000000 0.000000 0.000000 1.000000 0.000000 0.000000 0.000000 0.000000 1.000000
1.000000 0.000000 0.000000 0.000000 0.000000 1.000000 0.000000 0.000000 0.000000 0.000000 1.000000 0.000000 0.000000 0.000000 0.000000 1.000000
1.000000 0.000000 0.000000 0.000000 0.000000 1.000000 0.000000 0.000000 0.000000 0.000000 1.000000 0.000000 0.000000 0.000000 0.000000 1.000000
1.000000 0.000000 0.000000 0.000000 0.000000 1.000000 0.000000 0.000000 0.000000 0.000000 1.000000 0.000000 0.000000 0.000000 0.000000 1.000000
1.000000 0.000000 0.000000 0.000000 0.000000 1.000000 0.000000 0.007752 0.000000 0.000000 1.000000 0.000000 0.000000 0.000000 0.000000 1.000000
1.000000 0.000000 0.000000 0.000000 0.000000 1.000000 0.000000 0.028515 0.000000 0.000000 1.000000 0.000000 0.000000 0.000000 0.000000 1.000000
1.000000 0.000000 0.000000 0.000000 0.000000 1.000000 0.000000 0.046599 0.000000 0.000000 1.000000 0.000000 0.000000 0.000000 0.000000 1.000000
1.000000 0.000000 0.000000 0.000000 0.000000 1.000000 0.000000 0.038896 0.000000 0.000000 1.000000 0.000000 0.000000 0.000000 0.000000 1.000000
1.000000 0.000000 0.000000 0.000000 0.000000 1.000000 0.000000 0.001389 0.000000 0.000000 1.000000 0.000000 0.000000 0.000000 0.000000 1.000000
1.000000 0.000000 0.000000 0.000000 0.000000 1.000000 0.000000 0.000000 0.000000 0.000000 1.000000 0.000000 0.000000 0.000000 0.000000 1.000000
1.000000 0.000000 0.000000 0.000000 0.000000 1.000000 0.000000 0.000000 0.000000 0.000000 1.000000 0.000000 0.000000 0.000000 0.000000 1.000000
1.000000 0.000000 0.000000 0.000000 0.000000 1.000000 0.000000 0.000000 0.000000 0.000000 1.000000 0.000000 0.000000 0.000000 0.000000 1.000000
1.000000 0.000000 0.000000 0.000000 0.000000 1.000000 0.000000 0.000000 0.000000 0.000000 1.000000 0.000000 0.000000 0.000000 0.000000 1.000000
1.000000 0.000000 0.000000 0.000000 0.000000 1.000000 0.000000 0.000000 0.000000 0.000000 1.000000 0.000000 0.000000 0.000000 0.000000 1.000000
1.000000 0.000000 0.000000 0.000000 0.000000 1.000000 0.000000 0.007752 0.000000 0.000000 1.000000 0.000000 0.000000 0.000000 0.000000 1.000000</float_array><technique_common><accessor source="#rig_root_jnt-Matrix-animation-output-transform-array" count="31" stride="16"><param type="float4x4"/></accessor></technique_common></source><source id="rig_root_jnt-Interpolations"><Name_array id="rig_root_jnt-Interpolations-array" count="31">
 LINEAR LINEAR LINEAR LINEAR LINEAR LINEAR LINEAR LINEAR LINEAR LINEAR LINEAR
LINEAR LINEAR LINEAR LINEAR LINEAR LINEAR LINEAR LINEAR LINEAR LINEAR LINEAR LINEAR
LINEAR LINEAR LINEAR LINEAR LINEAR LINEAR LINEAR LINEAR</Name_array><technique_common><accessor source="#rig_root_jnt-Interpolations-array" count="31"><param type="name"/></accessor></technique_common></source><sampler id="rig_root_jnt-Matrix-animation-transform"><input semantic="INPUT" source="#rig_root_jnt-Matrix-animation-input"/><input semantic="OUTPUT" source="#rig_root_jnt-Matrix-animation-output-transform"/><input semantic="INTERPOLATION" source="#rig_root_jnt-Interpolations"/></sampler><channel source="#rig_root_jnt-Matrix-animation-transform" target="rig_root_jnt/matrix"/></animation></animation>
    <animation id="root_jnt-anim" name="root_jnt"><animation><source id="root_jnt-Matrix-animation-input"><float_array id="root_jnt-Matrix-animation-input-array" count="31">

0.000000 0.033333 0.066667 0.100000 0.133333 0.166667 0.200000 0.233333 0.266667 0.300000 0.333333 0.366667 0.400000 0.433333 0.466667 0.500000
0.533333 0.566667 0.600000 0.633333 0.666667 0.700000 0.733333 0.766667 0.800000 0.833333 0.866667 0.900000 0.933333 0.966667 1.000000</float_array><technique_common><accessor source="#root_jnt-Matrix-animation-input-array" count="31"><param name="TIME" type="float"/></accessor></technique_common></source><source id="root_jnt-Matrix-animation-output-transform"><float_array id="root_jnt-Matrix-animation-output-transform-array" count="496">

1.000000 0.000000 0.000000 0.000000 0.000000 1.000000 0.000000 0.000000 0.000000 0.000000 1.000000 0.000000 0.000000 0.000000 0.000000 1.000000
1.000000 0.000000 0.000000 0.000000 0.000000 1.000000 0.000000 0.017464 0.000000 0.000000 1.000000 0.000000 0.000000 0.000000 0.000000 1.000000
1.000000 0.000000 0.000000 0.000000 0.000000 1.000000 0.000000 0.044453 0.000000 0.000000 1.000000 0.000000 0.000000 0.000000 0.000000 1.000000
1.000000 0.000000 0.000000 0.000000 0.000000 1.000000 0.000000 0.038896 0.000000 0.000000 1.000000 0.000000 0.000000 0.000000 0.000000 1.000000
1.000000 0.000000 0.000000 0.000000 0.000000 1.000000 0.000000 0.001389 0.000000 0.000000 1.000000 0.000000 0.000000 0.000000 0.000000 1.000000
1.000000 0.000000 0.000000 0.000000 0.000000 1.000000 0.000000 0.000000 0.000000 0.000000 1.000000 0.000000 0.000000 0.000000 0.000000 1.000000
1.000000 0.000000 0.000000 0.000000 0.000000 1.000000 0.000000 0.000000 0.000000 0.000000 1.000000 0.000000 0.000000 0.000000 0.000000 1.000000
1.000000 0.000000 0.000000 0.000000 0.000000 1.000000 0.000000 0.000000 0.000000 0.000000 1.000000 0.000000 0.000000 0.000000 0.000000 1.000000
1.000000 0.000000 0.000000 0.000000 0.000000 1.000000 0.000000 0.000000 0.000000 0.000000 1.000000 0.000000 0.000000 0.000000 0.000000 1.000000
1.000000 0.000000 0.000000 0.000000 0.000000 1.000000 0.000000 0.000000 0.000000 0.000000 1.000000 0.000000 0.000000 0.000000 0.000000 1.000000
1.000000 0.000000 0.000000 0.000000 0.000000 1.000000 0.000000 0.007752 0.000000 0.000000 1.000000 0.000000 0.000000 0.000000 0.000000 1.000000
1.000000 0.000000 0.000000 0.000000 0.000000 1.000000 0.000000 0.028515 0.000000 0.000000 1.000000 0.000000 0.000000 0.000000 0.000000 1.000000
1.000000 0.000000 0.000000 0.000000 0.000000 1.000000 0.000000 0.046599 0.000000 0.000000 1.000000 0.000000 0.000000 0.000000 0.000000 1.000000
1.000000 0.000000 0.000000 0.000000 0.000000 1.000000 0.000000 0.038896 0.000000 0.000000 1.000000 0.000000 0.000000 0.000000 0.000000 1.000000
1.000000 0.000000 0.000000 0.000000 0.000000 1.000000 0.000000 0.001389 0.000000 0.000000 1.000000 0.000000 0.000000 0.000000 0.000000 1.000000
1.000000 0.000000 0.000000 0.000000 0.000000 1.000000 0.000000 0.000000 0.000000 0.000000 1.000000 0.000000 0.000000 0.000000 0.000000 1.000000
1.000000 0.000000 0.000000 0.000000 0.000000 1.000000 0.000000 0.000000 0.000000 0.000000 1.000000 0.000000 0.000000 0.000000 0.000000 1.000000
1.000000 0.000000 0.000000 0.000000 0.000000 1.000000 0.000000 0.000000 0.000000 0.000000 1.000000 0.000000 0.000000 0.000000 0.000000 1.000000
1.000000 0.000000 0.000000 0.000000 0.000000 1.000000 0.000000 0.000000 0.000000 0.000000 1.000000 0.000000 0.000000 0.000000 0.000000 1.000000
1.000000 0.000000 0.000000 0.000000 0.000000 1.000000 0.000000 0.000000 0.000000 0.000000 1.000000 0.000000 0.000000 0.000000 0.000000 1.000000
1.000000 0.000000 0.000000 0.000000 0.000000 1.000000 0.000000 0.007752 0.000000 0.000000 1.000000 0.000000 0.000000 0.000000 0.000000 1.000000
1.000000 0.000000 0.000000 0.000000 0.000000 1.000000 0.000000 0.028515 0.000000 0.000000 1.000000 0.000000 0.000000 0.000000 0.000000 1.000000
1.000000 0.000000 0.000000 0.000000 0.000000 1.000000 0.000000 0.046599 0.000000 0.000000 1.000000 0.000000 0.000000 0.000000 0.000000 1.000000
1.000000 0.000000 0.000000 0.000000 0.000000 1.000000 0.000000 0.038896 0.000000 0.000000 1.000000 0.000000 0.000000 0.000000 0.000000 1.000000
1.000000 0.000000 0.000000 0.000000 0.000000 1.000000 0.000000 0.001389 0.000000 0.000000 1.000000 0.000000 0.000000 0.000000 0.000000 1.000000
1.000000 0.000000 0.000000 0.000000 0.000000 1.000000 0.000000 0.000000 0.000000 0.000000 1.000000 0.000000 0.000000 0.000000 0.000000 1.000000
1.000000 0.000000 0.000000 0.000000 0.000000 1.000000 0.000000 0.000000 0.000000 0.000000 1.000000 0.000000 0.000000 0.000000 0.000000 1.000000
1.000000 0.000000 0.000000 0.000000 0.000000 1.000000 0.000000 0.000000 0.000000 0.000000 1.000000 0.000000 0.000000 0.000000 0.000000 1.000000
1.000000 0.000000 0.000000 0.000000 0.000000 1.000000 0.000000 0.000000 0.000000 0.000000 1.000000 0.000000 0.000000 0.000000 0.000000 1.000000
1.000000 0.000000 0.000000 0.000000 0.000000 1.000000 0.000000 0.000000 0.000000 0.000000 1.000000 0.000000 0.000000 0.000000 0.000000 1.000000
1.000000 0.000000 0.000000 0.000000 0.000000 1.000000 0.000000 0.007752 0.000000 0.000000 1.000000 0.000000 0.000000 0.000000 0.000000 1.000000</float_array><technique_common><accessor source="#root_jnt-Matrix-animation-output-transform-array" count="31" stride="16"><param type="float4x4"/></accessor></technique_common></source><source id="root_jnt-Interpolations"><Name_array id="root_jnt-Interpolations-array" count="31">
 LINEAR LINEAR LINEAR LINEAR LINEAR LINEAR LINEAR LINEAR LINEAR LINEAR LINEAR
LINEAR LINEAR LINEAR LINEAR LINEAR LINEAR LINEAR LINEAR LINEAR LINEAR LINEAR LINEAR
LINEAR LINEAR LINEAR LINEAR LINEAR LINEAR LINEAR LINEAR</Name_array><technique_common><accessor source="#root_jnt-Interpolations-array" count="31"><param type="name"/></accessor></technique_common></source><sampler id="root_jnt-Matrix-animation-transform"><input semantic="INPUT" source="#root_jnt-Matrix-animation-input"/><input semantic="OUTPUT" source="#root_jnt-Matrix-animation-output-transform"/><input semantic="INTERPOLATION" source="#root_jnt-Interpolations"/></sampler><channel source="#root_jnt-Matrix-animation-transform" target="root_jnt/matrix"/></animation></animation>
    <animation id="neck01_jnt-anim" name="neck01_jnt"><animation><source id="neck01_jnt-Matrix-animation-input"><float_array id="neck01_jnt-Matrix-animation-input-array" count="31">

0.000000 0.033333 0.066667 0.100000 0.133333 0.166667 0.200000 0.233333 0.266667 0.300000 0.333333 0.366667 0.400000 0.433333 0.466667 0.500000
0.533333 0.566667 0.600000 0.633333 0.666667 0.700000 0.733333 0.766667 0.800000 0.833333 0.866667 0.900000 0.933333 0.966667 1.000000</float_array><technique_common><accessor source="#neck01_jnt-Matrix-animation-input-array" count="31"><param name="TIME" type="float"/></accessor></technique_common></source><source id="neck01_jnt-Matrix-animation-output-transform"><float_array id="neck01_jnt-Matrix-animation-output-transform-array" count="496">

0.998720 0.023131 -0.044974 -1.350344 0.011496 0.762160 0.647286 3.468175 0.049250 -0.646975 0.760919 -0.649723 0.000000 0.000000 0.000000 1.000000
0.998663 0.023919 -0.045822 -1.350344 0.010619 0.772635 0.634761 3.468175 0.050587 -0.634399 0.771349 -0.649723 0.000000 0.000000 0.000000 1.000000
0.998518 0.025779 -0.047929 -1.350344 0.008494 0.796075 0.605138 3.468175 0.053755 -0.604648 0.794676 -0.649723 0.000000 0.000000 0.000000 1.000000
0.998328 0.027949 -0.050591 -1.350344 0.005891 0.821546 0.570112 3.468175 0.057497 -0.569457 0.820008 -0.649723 0.000000 0.000000 0.000000 1.000000
0.998156 0.029715 -0.052937 -1.350344 0.003653 0.841033 0.540972 3.468175 0.060597 -0.540167 0.839373 -0.649723 0.000000 0.000000 0.000000 1.000000
0.998080 0.030439 -0.053951 -1.350344 0.002699 0.848751 0.528786 3.468175 0.061887 -0.527916 0.847039 -0.649723 0.000000 0.000000 0.000000 1.000000
0.998156 0.029715 -0.052937 -1.350344 0.003653 0.841033 0.540972 3.468175 0.060597 -0.540167 0.839373 -0.649723 0.000000 0.000000 0.000000 1.000000
0.998328 0.027949 -0.050591 -1.350344 0.005891 0.821546 0.570112 3.468175 0.057497 -0.569457 0.820008 -0.649723 0.000000 0.000000 0.000000 1.000000
0.998518 0.025779 -0.047929 -1.350344 0.008494 0.796075 0.605138 3.468175 0.053755 -0.604648 0.794676 -0.649723 0.000000 0.000000 0.000000 1.000000
0.998663 0.023919 -0.045822 -1.350344 0.010619 0.772635 0.634761 3.468175 0.050587 -0.634399 0.771349 -0.649723 0.000000 0.000000 0.000000 1.000000
0.998720 0.023131 -0.044974 -1.350344 0.011496 0.762160 0.647286 3.468175 0.049250 -0.646975 0.760919 -0.649723 0.000000 0.000000 0.000000 1.000000
0.998663 0.023919 -0.045822 -1.350344 0.010619 0.772635 0.634761 3.468175 0.050587 -0.634399 0.771349 -0.649723 0.000000 0.000000 0.000000 1.000000
0.998518 0.025779 -0.047929 -1.350344 0.008494 0.796075 0.605138 3.468175 0.053755 -0.604648 0.794676 -0.649723 0.000000 0.000000 0.000000 1.000000
0.998328 0.027949 -0.050591 -1.350344 0.005891 0.821546 0.570112 3.468175 0.057497 -0.569457 0.820008 -0.649723 0.000000 0.000000 0.000000 1.000000
0.998156 0.029715 -0.052937 -1.350344 0.003653 0.841033 0.540972 3.468175 0.060597 -0.540167 0.839373 -0.649723 0.000000 0.000000 0.000000 1.000000
0.998080 0.030439 -0.053951 -1.350344 0.002699 0.848751 0.528786 3.468175 0.061887 -0.527916 0.847039 -0.649723 0.000000 0.000000 0.000000 1.000000
0.998156 0.029715 -0.052937 -1.350344 0.003653 0.841033 0.540972 3.468175 0.060597 -0.540167 0.839373 -0.649723 0.000000 0.000000 0.000000 1.000000
0.998328 0.027949 -0.050591 -1.350344 0.005891 0.821546 0.570112 3.468175 0.057497 -0.569457 0.820008 -0.649723 0.000000 0.000000 0.000000 1.000000
0.998518 0.025779 -0.047929 -1.350344 0.008494 0.796075 0.605138 3.468175 0.053755 -0.604648 0.794676 -0.649723 0.000000 0.000000 0.000000 1.000000
0.998663 0.023919 -0.045822 -1.350344 0.010619 0.772635 0.634761 3.468175 0.050587 -0.634399 0.771349 -0.649723 0.000000 0.000000 0.000000 1.000000
0.998720 0.023131 -0.044974 -1.350344 0.011496 0.762160 0.647286 3.468175 0.049250 -0.646975 0.760919 -0.649723 0.000000 0.000000 0.000000 1.000000
0.998663 0.023919 -0.045822 -1.350344 0.010619 0.772635 0.634761 3.468175 0.050587 -0.634399 0.771349 -0.649723 0.000000 0.000000 0.000000 1.000000
0.998518 0.025779 -0.047929 -1.350344 0.008494 0.796075 0.605138 3.468175 0.053755 -0.604648 0.794676 -0.649723 0.000000 0.000000 0.000000 1.000000
0.998328 0.027949 -0.050591 -1.350344 0.005891 0.821546 0.570112 3.468175 0.057497 -0.569457 0.820008 -0.649723 0.000000 0.000000 0.000000 1.000000
0.998156 0.029715 -0.052937 -1.350344 0.003653 0.841033 0.540972 3.468175 0.060597 -0.540167 0.839373 -0.649723 0.000000 0.000000 0.000000 1.000000
0.998080 0.030439 -0.053951 -1.350344 0.002699 0.848751 0.528786 3.468175 0.061887 -0.527916 0.847039 -0.649723 0.000000 0.000000 0.000000 1.000000
0.998156 0.029715 -0.052937 -1.350344 0.003653 0.841033 0.540972 3.468175 0.060597 -0.540167 0.839373 -0.649723 0.000000 0.000000 0.000000 1.000000
0.998328 0.027949 -0.050591 -1.350344 0.005891 0.821546 0.570112 3.468175 0.057497 -0.569457 0.820008 -0.649723 0.000000 0.000000 0.000000 1.000000
0.998518 0.025779 -0.047929 -1.350344 0.008494 0.796075 0.605138 3.468175 0.053755 -0.604648 0.794676 -0.649723 0.000000 0.000000 0.000000 1.000000
0.998663 0.023919 -0.045822 -1.350344 0.010619 0.772635 0.634761 3.468175 0.050587 -0.634399 0.771349 -0.649723 0.000000 0.000000 0.000000 1.000000
0.998720 0.023131 -0.044974 -1.350344 0.011496 0.762160 0.647286 3.468175 0.049250 -0.646975 0.760919 -0.649723 0.000000 0.000000 0.000000 1.000000</float_array><technique_common><accessor source="#neck01_jnt-Matrix-animation-output-transform-array" count="31" stride="16"><param type="float4x4"/></accessor></technique_common></source><source id="neck01_jnt-Interpolations"><Name_array id="neck01_jnt-Interpolations-array" count="31">
 LINEAR LINEAR LINEAR LINEAR LINEAR LINEAR LINEAR LINEAR LINEAR LINEAR LINEAR
LINEAR LINEAR LINEAR LINEAR LINEAR LINEAR LINEAR LINEAR LINEAR LINEAR LINEAR LINEAR
LINEAR LINEAR LINEAR LINEAR LINEAR LINEAR LINEAR LINEAR</Name_array><technique_common><accessor source="#neck01_jnt-Interpolations-array" count="31"><param type="name"/></accessor></technique_common></source><sampler id="neck01_jnt-Matrix-animation-transform"><input semantic="INPUT" source="#neck01_jnt-Matrix-animation-input"/><input semantic="OUTPUT" source="#neck01_jnt-Matrix-animation-output-transform"/><input semantic="INTERPOLATION" source="#neck01_jnt-Interpolations"/></sampler><channel source="#neck01_jnt-Matrix-animation-transform" target="neck01_jnt/matrix"/></animation></animation>
    <animation id="neck02_jnt-anim" name="neck02_jnt"><animation><source id="neck02_jnt-Matrix-animation-input"><float_array id="neck02_jnt-Matrix-animation-input-array" count="31">

0.000000 0.033333 0.066667 0.100000 0.133333 0.166667 0.200000 0.233333 0.266667 0.300000 0.333333 0.366667 0.400000 0.433333 0.466667 0.500000
0.533333 0.566667 0.600000 0.633333 0.666667 0.700000 0.733333 0.766667 0.800000 0.833333 0.866667 0.900000 0.933333 0.966667 1.000000</float_array><technique_common><accessor source="#neck02_jnt-Matrix-animation-input-array" count="31"><param name="TIME" type="float"/></accessor></technique_common></source><source id="neck02_jnt-Matrix-animation-output-transform"><float_array id="neck02_jnt-Matrix-animation-output-transform-array" count="496">

0.999470 -0.026370 0.019087 0.000000 0.000000 0.586340 0.810065 -0.000000 -0.032553 -0.809636 0.586029 1.061054 0.000000 0.000000 0.000000 1.000000
0.999470 -0.026858 0.018395 -0.000000 -0.000000 0.565071 0.825042 -0.000000 -0.032553 -0.824605 0.564771 1.061054 0.000000 0.000000 0.000000 1.000000
0.999470 -0.027904 0.016766 0.000000 -0.000000 0.515018 0.857179 -0.000000 -0.032553 -0.856725 0.514745 1.061054 0.000000 0.000000 0.000000 1.000000
0.999470 -0.028964 0.014860 -0.000000 0.000000 0.456491 0.889728 -0.000000 -0.032553 -0.889257 0.456249 1.061054 0.000000 0.000000 0.000000 1.000000
0.999470 -0.029713 0.013298 0.000000 0.000000 0.408513 0.912753 -0.000000 -0.032553 -0.912269 0.408296 1.061054 0.000000 0.000000 0.000000 1.000000
0.999470 -0.029994 0.012653 -0.000000 0.000000 0.388670 0.921377 -0.000000 -0.032553 -0.920889 0.388464 1.061054 0.000000 0.000000 0.000000 1.000000
0.999470 -0.029713 0.013298 0.000000 0.000000 0.408513 0.912753 -0.000000 -0.032553 -0.912269 0.408296 1.061054 0.000000 0.000000 0.000000 1.000000
0.999470 -0.028964 0.014860 -0.000000 0.000000 0.456491 0.889728 -0.000000 -0.032553 -0.889257 0.456249 1.061054 0.000000 0.000000 0.000000 1.000000
0.999470 -0.027904 0.016766 0.000000 -0.000000 0.515018 0.857179 -0.000000 -0.032553 -0.856725 0.514745 1.061054 0.000000 0.000000 0.000000 1.000000
0.999470 -0.026858 0.018395 -0.000000 -0.000000 0.565071 0.825042 -0.000000 -0.032553 -0.824605 0.564771 1.061054 0.000000 0.000000 0.000000 1.000000
0.999470 -0.026370 0.019087 0.000000 0.000000 0.586340 0.810065 -0.000000 -0.032553 -0.809636 0.586029 1.061054 0.000000 0.000000 0.000000 1.000000
0.999470 -0.026858 0.018395 -0.000000 -0.000000 0.565071 0.825042 -0.000000 -0.032553 -0.824605 0.564771 1.061054 0.000000 0.000000 0.000000 1.000000
0.999470 -0.027904 0.016766 0.000000 -0.000000 0.515018 0.857179 -0.000000 -0.032553 -0.856725 0.514745 1.061054 0.000000 0.000000 0.000000 1.000000
0.999470 -0.028964 0.014860 -0.000000 0.000000 0.456491 0.889728 -0.000000 -0.032553 -0.889257 0.456249 1.061054 0.000000 0.000000 0.000000 1.000000
0.999470 -0.029713 0.013298 0.000000 0.000000 0.408513 0.912753 -0.000000 -0.032553 -0.912269 0.408296 1.061054 0.000000 0.000000 0.000000 1.000000
0.999470 -0.029994 0.012653 -0.000000 0.000000 0.388670 0.921377 -0.000000 -0.032553 -0.920889 0.388464 1.061054 0.000000 0.000000 0.000000 1.000000
0.999470 -0.029713 0.013298 0.000000 0.000000 0.408513 0.912753 -0.000000 -0.032553 -0.912269 0.408296 1.061054 0.000000 0.000000 0.000000 1.000000
0.999470 -0.028964 0.014860 -0.000000 0.000000 0.456491 0.889728 -0.000000 -0.032553 -0.889257 0.456249 1.061054 0.000000 0.000000 0.000000 1.000000
0.999470 -0.027904 0.016766 0.000000 -0.000000 0.515018 0.857179 -0.000000 -0.032553 -0.856725 0.514745 1.061054 0.000000 0.000000 0.000000 1.000000
0.999470 -0.026858 0.018395 -0.000000 -0.000000 0.565071 0.825042 -0.000000 -0.032553 -0.824605 0.564771 1.061054 0.000000 0.000000 0.000000 1.000000
0.999470 -0.026370 0.019087 0.000000 0.000000 0.586340 0.810065 -0.000000 -0.032553 -0.809636 0.586029 1.061054 0.000000 0.000000 0.000000 1.000000
0.999470 -0.026858 0.018395 -0.000000 -0.000000 0.565071 0.825042 -0.000000 -0.032553 -0.824605 0.564771 1.061054 0.000000 0.000000 0.000000 1.000000
0.999470 -0.027904 0.016766 0.000000 -0.000000 0.515018 0.857179 -0.000000 -0.032553 -0.856725 0.514745 1.061054 0.000000 0.000000 0.000000 1.000000
0.999470 -0.028964 0.014860 -0.000000 0.000000 0.456491 0.889728 -0.000000 -0.032553 -0.889257 0.456249 1.061054 0.000000 0.000000 0.000000 1.000000
0.999470 -0.029713 0.013298 0.000000 0.000000 0.408513 0.912753 -0.000000 -0.032553 -0.912269 0.408296 1.061054 0.000000 0.000000 0.000000 1.000000
0.999470 -0.029994 0.012653 -0.000000 0.000000 0.388670 0.921377 -0.000000 -0.032553 -0.920889 0.388464 1.061054 0.000000 0.000000 0.000000 1.000000
0.999470 -0.029713 0.013298 0.000000 0.000000 0.408513 0.912753 -0.000000 -0.032553 -0.912269 0.408296 1.061054 0.000000 0.000000 0.000000 1.000000
0.999470 -0.028964 0.014860 -0.000000 0.000000 0.456491 0.889728 -0.000000 -0.032553 -0.889257 0.456249 1.061054 0.000000 0.000000 0.000000 1.000000
0.999470 -0.027904 0.016766 0.000000 -0.000000 0.515018 0.857179 -0.000000 -0.032553 -0.856725 0.514745 1.061054 0.000000 0.000000 0.000000 1.000000
0.999470 -0.026858 0.018395 -0.000000 -0.000000 0.565071 0.825042 -0.000000 -0.032553 -0.824605 0.564771 1.061054 0.000000 0.000000 0.000000 1.000000
0.999470 -0.026370 0.019087 0.000000 0.000000 0.586340 0.810065 -0.000000 -0.032553 -0.809636 0.586029 1.061054 0.000000 0.000000 0.000000 1.000000</float_array><technique_common><accessor source="#neck02_jnt-Matrix-animation-output-transform-array" count="31" stride="16"><param type="float4x4"/></accessor></technique_common></source><source id="neck02_jnt-Interpolations"><Name_array id="neck02_jnt-Interpolations-array" count="31">
 LINEAR LINEAR LINEAR LINEAR LINEAR LINEAR LINEAR LINEAR LINEAR LINEAR LINEAR
LINEAR LINEAR LINEAR LINEAR LINEAR LINEAR LINEAR LINEAR LINEAR LINEAR LINEAR LINEAR
LINEAR LINEAR LINEAR LINEAR LINEAR LINEAR LINEAR LINEAR</Name_array><technique_common><accessor source="#neck02_jnt-Interpolations-array" count="31"><param type="name"/></accessor></technique_common></source><sampler id="neck02_jnt-Matrix-animation-transform"><input semantic="INPUT" source="#neck02_jnt-Matrix-animation-input"/><input semantic="OUTPUT" source="#neck02_jnt-Matrix-animation-output-transform"/><input semantic="INTERPOLATION" source="#neck02_jnt-Interpolations"/></sampler><channel source="#neck02_jnt-Matrix-animation-transform" target="neck02_jnt/matrix"/></animation></animation>
    <animation id="head_jnt-anim" name="head_jnt"><animation><source id="head_jnt-Matrix-animation-input"><float_array id="head_jnt-Matrix-animation-input-array" count="31">

0.000000 0.033333 0.066667 0.100000 0.133333 0.166667 0.200000 0.233333 0.266667 0.300000 0.333333 0.366667 0.400000 0.433333 0.466667 0.500000
0.533333 0.566667 0.600000 0.633333 0.666667 0.700000 0.733333 0.766667 0.800000 0.833333 0.866667 0.900000 0.933333 0.966667 1.000000</float_array><technique_common><accessor source="#head_jnt-Matrix-animation-input-array" count="31"><param name="TIME" type="float"/></accessor></technique_common></source><source id="head_jnt-Matrix-animation-output-transform"><float_array id="head_jnt-Matrix-animation-output-transform-array" count="496">

0.998261 0.053639 0.024469 0.000000 0.028491 -0.075540 -0.996736 0.000000 -0.051615 0.995699 -0.076937 1.151551 0.000000 0.000000 0.000000 1.000000
0.998276 0.052874 0.025466 0.000000 0.029914 -0.085112 -0.995922 0.000000 -0.050491 0.994967 -0.086547 1.151551 0.000000 0.000000 0.000000 1.000000
0.998317 0.050858 0.027872 0.000000 0.033172 -0.106535 -0.993756 0.000000 -0.047571 0.993007 -0.108042 1.151551 0.000000 0.000000 0.000000 1.000000
0.998371 0.048029 0.030787 0.000000 0.036801 -0.129832 -0.990853 0.000000 -0.043593 0.990372 -0.131388 1.151551 0.000000 0.000000 0.000000 1.000000
0.998437 0.044914 0.033253 0.000000 0.039557 -0.147684 -0.988243 0.000000 -0.039475 0.988014 -0.149230 1.151551 0.000000 0.000000 0.000000 1.000000
0.998524 0.042119 0.034292 0.000000 0.040431 -0.154818 -0.987115 0.000000 -0.036267 0.987045 -0.156292 1.151551 0.000000 0.000000 0.000000 1.000000
0.998643 0.040078 0.033252 0.000000 0.038840 -0.147874 -0.988243 0.000000 -0.034690 0.988194 -0.149230 1.151551 0.000000 0.000000 0.000000 1.000000
0.998786 0.038454 0.030784 0.000000 0.035552 -0.130179 -0.990853 0.000000 -0.034095 0.990745 -0.131388 1.151551 0.000000 0.000000 0.000000 1.000000
0.998936 0.036736 0.027867 0.000000 0.031658 -0.106993 -0.993756 0.000000 -0.033525 0.993581 -0.108042 1.151551 0.000000 0.000000 0.000000 1.000000
0.999080 0.034497 0.025460 0.000000 0.028337 -0.085648 -0.995922 0.000000 -0.032176 0.995728 -0.086547 1.151551 0.000000 0.000000 0.000000 1.000000
0.999208 0.031394 0.024463 0.000000 0.026795 -0.076156 -0.996736 0.000000 -0.029429 0.996602 -0.076937 1.151551 0.000000 0.000000 0.000000 1.000000
0.999305 0.027230 0.025458 0.000000 0.027711 -0.085852 -0.995922 0.000000 -0.024933 0.995936 -0.086547 1.151551 0.000000 0.000000 0.000000 1.000000
0.999363 0.022300 0.027863 0.000000 0.030104 -0.107439 -0.993756 0.000000 -0.019167 0.993962 -0.108042 1.151551 0.000000 0.000000 0.000000 1.000000
0.999381 0.017043 0.030778 0.000000 0.032748 -0.130911 -0.990853 0.000000 -0.012858 0.991248 -0.131388 1.151551 0.000000 0.000000 0.000000 1.000000
0.999375 0.011985 0.033244 0.000000 0.034659 -0.148907 -0.988244 0.000000 -0.006894 0.988779 -0.149229 1.151551 0.000000 0.000000 0.000000 1.000000
0.999382 0.007731 0.034282 0.000000 0.035069 -0.156117 -0.987116 0.000000 -0.002280 0.987708 -0.156292 1.151551 0.000000 0.000000 0.000000 1.000000
0.999436 0.004716 0.033242 0.000000 0.033573 -0.149155 -0.988244 0.000000 0.000297 0.988803 -0.149229 1.151551 0.000000 0.000000 0.000000 1.000000
0.999523 0.002603 0.030774 0.000000 0.030849 -0.131370 -0.990853 0.000000 0.001464 0.991330 -0.131388 1.151551 0.000000 0.000000 0.000000 1.000000
0.999612 0.000881 0.027857 0.000000 0.027789 -0.108060 -0.993756 0.000000 0.002135 0.994144 -0.108042 1.151551 0.000000 0.000000 0.000000 1.000000
0.999676 -0.000877 0.025450 0.000000 0.025278 -0.086597 -0.995923 0.000000 0.003077 0.996243 -0.086547 1.151551 0.000000 0.000000 0.000000 1.000000
0.999696 -0.003010 0.024452 0.000000 0.024148 -0.077033 -0.996736 0.000000 0.004884 0.997024 -0.076937 1.151551 0.000000 0.000000 0.000000 1.000000
0.999660 -0.005718 0.025448 0.000000 0.024857 -0.086719 -0.995923 0.000000 0.007902 0.996216 -0.086547 1.151551 0.000000 0.000000 0.000000 1.000000
0.999574 -0.008704 0.027854 0.000000 0.026749 -0.108321 -0.993756 0.000000 0.011667 0.994078 -0.108042 1.151551 0.000000 0.000000 0.000000 1.000000
0.999460 -0.011531 0.030769 0.000000 0.028984 -0.131793 -0.990853 0.000000 0.015481 0.991210 -0.131388 1.151551 0.000000 0.000000 0.000000 1.000000
