<?xml version="1.0" encoding="utf-8"?>
<COLLADA xmlns="http://www.collada.org/2005/11/COLLADASchema" version="1.4.1">
  <asset><contributor><author></author><authoring_tool>FBX COLLADA exporter</authoring_tool><comments></comments></contributor><created>2019-11-19T17:16:38Z</created><keywords></keywords><modified>2019-11-19T17:16:38Z</modified><revision></revision><subject></subject><title></title><unit meter="0.010000" name="centimeter"></unit><up_axis>Y_UP</up_axis></asset>
  <library_animations>
    <animation id="rig_root_jnt-anim" name="rig_root_jnt"><animation><source id="rig_root_jnt-Matrix-animation-input"><float_array id="rig_root_jnt-Matrix-animation-input-array" count="31">

0.000000 0.033333 0.066667 0.100000 0.133333 0.166667 0.200000 0.233333 0.266667 0.300000 0.333333 0.366667 0.400000 0.433333 0.466667 0.500000
0.533333 0.566667 0.600000 0.633333 0.666667 0.700000 0.733333 0.766667 0.800000 0.833333 0.866667 0.900000 0.933333 0.966667 1.000000</float_array><technique_common><accessor source="#rig_root_jnt-Matrix-animation-input-array" count="31"><param name="TIME" type="float"/></accessor></technique_common></source><source id="rig_root_jnt-Matrix-animation-output-transform"><float_array id="rig_root_jnt-Matrix-animation-output-transform-array" count="496">

1.000000 0.000000 0.000000 0.000000 0.000000 1.000000 0.000000 0.000000 0.000000 0.000000 1.000000 0.000000 0.000000 0.000000 0.000000 1.000000
1.000000 0.000000 0.000000 0.000000 0.000000 1.000000 0.000000 0.000000 0.000000 0.000000 1.000000 0.000000 0.000000 0.000000 0.000000 1.000000
1.000000 0.000000 0.000000 0.000000 0.000000 1.000000 0.000000 0.000000 0.000000 0.000000 1.000000 0.000000 0.000000 0.000000 0.000000 1.000000
1.000000 0.000000 0.000000 0.000000 0.000000 1.000000 0.000000 0.000000 0.000000 0.000000 1.000000 0.000000 0.000000 0.000000 0.000000 1.000000
1.000000 0.000000 0.000000 0.000000 0.000000 1.000000 0.000000 0.000000 0.000000 0.000000 1.000000 0.000000 0.000000 0.000000 0.000000 1.000000
1.000000 0.000000 0.000000 0.000000 0.000000 1.000000 0.000000 0.000000 0.000000 0.000000 1.000000 0.000000 0.000000 0.000000 0.000000 1.000000
1.000000 0.000000 0.000000 0.000000 0.000000 1.000000 0.000000 0.000000 0.000000 0.000000 1.000000 0.000000 0.000000 0.000000 0.000000 1.000000
1.000000 0.000000 0.000000 0.000000 0.000000 1.000000 0.000000 0.000000 0.000000 0.000000 1.000000 0.000000 0.000000 0.000000 0.000000 1.000000
1.000000 0.000000 0.000000 0.000000 0.000000 1.000000 0.000000 0.000000 0.000000 0.000000 1.000000 0.000000 0.000000 0.000000 0.000000 1.000000
1.000000 0.000000 0.000000 0.000000 0.000000 1.000000 0.000000 0.000000 0.000000 0.000000 1.000000 0.000000 0.000000 0.000000 0.000000 1.000000
1.000000 0.000000 0.000000 0.000000 0.000000 1.000000 0.000000 0.000000 0.000000 0.000000 1.000000 0.000000 0.000000 0.000000 0.000000 1.000000
1.000000 0.000000 0.000000 0.000000 0.000000 1.000000 0.000000 0.000000 0.000000 0.000000 1.000000 0.000000 0.000000 0.000000 0.000000 1.000000
1.000000 0.000000 0.000000 0.000000 0.000000 1.000000 0.000000 0.000000 0.000000 0.000000 1.000000 0.000000 0.000000 0.000000 0.000000 1.000000
1.000000 0.000000 0.000000 0.000000 0.000000 1.000000 0.000000 0.000000 0.000000 0.000000 1.000000 0.000000 0.000000 0.000000 0.000000 1.000000
1.000000 0.000000 0.000000 0.000000 0.000000 1.000000 0.000000 0.000000 0.000000 0.000000 1.000000 0.000000 0.000000 0.000000 0.000000 1.000000
1.000000 0.000000 0.000000 0.000000 0.000000 1.000000 0.000000 0.000000 0.000000 0.000000 1.000000 0.000000 0.000000 0.000000 0.000000 1.000000
1.000000 0.000000 0.000000 0.000000 0.000000 1.000000 0.000000 0.000000 0.000000 0.000000 1.000000 0.000000 0.000000 0.000000 0.000000 1.000000
1.000000 0.000000 0.000000 0.000000 0.000000 1.000000 0.000000 0.000000 0.000000 0.000000 1.000000 0.000000 0.000000 0.000000 0.000000 1.000000
1.000000 0.000000 0.000000 0.000000 0.000000 1.000000 0.000000 0.000000 0.000000 0.000000 1.000000 0.000000 0.000000 0.000000 0.000000 1.000000
1.000000 0.000000 0.000000 0.000000 0.000000 1.000000 0.000000 0.000000 0.000000 0.000000 1.000000 0.000000 0.000000 0.000000 0.000000 1.000000
1.000000 0.000000 0.000000 0.000000 0.000000 1.000000 0.000000 0.000000 0.000000 0.000000 1.000000 0.000000 0.000000 0.000000 0.000000 1.000000
1.000000 0.000000 0.000000 0.000000 0.000000 1.000000 0.000000 0.000000 0.000000 0.000000 1.000000 0.000000 0.000000 0.000000 0.000000 1.000000
1.000000 0.000000 0.000000 0.000000 0.000000 1.000000 0.000000 0.000000 0.000000 0.000000 1.000000 0.000000 0.000000 0.000000 0.000000 1.000000
1.000000 0.000000 0.000000 0.000000 0.000000 1.000000 0.000000 0.000000 0.000000 0.000000 1.000000 0.000000 0.000000 0.000000 0.000000 1.000000
1.000000 0.000000 0.000000 0.000000 0.000000 1.000000 0.000000 0.000000 0.000000 0.000000 1.000000 0.000000 0.000000 0.000000 0.000000 1.000000
1.000000 0.000000 0.000000 0.000000 0.000000 1.000000 0.000000 0.000000 0.000000 0.000000 1.000000 0.000000 0.000000 0.000000 0.000000 1.000000
1.000000 0.000000 0.000000 0.000000 0.000000 1.000000 0.000000 0.000000 0.000000 0.000000 1.000000 0.000000 0.000000 0.000000 0.000000 1.000000
1.000000 0.000000 0.000000 0.000000 0.000000 1.000000 0.000000 0.000000 0.000000 0.000000 1.000000 0.000000 0.000000 0.000000 0.000000 1.000000
1.000000 0.000000 0.000000 0.000000 0.000000 1.000000 0.000000 0.000000 0.000000 0.000000 1.000000 0.000000 0.000000 0.000000 0.000000 1.000000
1.000000 0.000000 0.000000 0.000000 0.000000 1.000000 0.000000 0.000000 0.000000 0.000000 1.000000 0.000000 0.000000 0.000000 0.000000 1.000000
1.000000 0.000000 0.000000 0.000000 0.000000 1.000000 0.000000 0.000000 0.000000 0.000000 1.000000 0.000000 0.000000 0.000000 0.000000 1.000000</float_array><technique_common><accessor source="#rig_root_jnt-Matrix-animation-output-transform-array" count="31" stride="16"><param type="float4x4"/></accessor></technique_common></source><source id="rig_root_jnt-Interpolations"><Name_array id="rig_root_jnt-Interpolations-array" count="31">
 LINEAR LINEAR LINEAR LINEAR LINEAR LINEAR LINEAR LINEAR LINEAR LINEAR LINEAR
LINEAR LINEAR LINEAR LINEAR LINEAR LINEAR LINEAR LINEAR LINEAR LINEAR LINEAR LINEAR
LINEAR LINEAR LINEAR LINEAR LINEAR LINEAR LINEAR LINEAR</Name_array><technique_common><accessor source="#rig_root_jnt-Interpolations-array" count="31"><param type="name"/></accessor></technique_common></source><sampler id="rig_root_jnt-Matrix-animation-transform"><input semantic="INPUT" source="#rig_root_jnt-Matrix-animation-input"/><input semantic="OUTPUT" source="#rig_root_jnt-Matrix-animation-output-transform"/><input semantic="INTERPOLATION" source="#rig_root_jnt-Interpolations"/></sampler><channel source="#rig_root_jnt-Matrix-animation-transform" target="rig_root_jnt/matrix"/></animation></animation>
    <animation id="root_jnt-anim" name="root_jnt"><animation><source id="root_jnt-Matrix-animation-input"><float_array id="root_jnt-Matrix-animation-input-array" count="31">

0.000000 0.033333 0.066667 0.100000 0.133333 0.166667 0.200000 0.233333 0.266667 0.300000 0.333333 0.366667 0.400000 0.433333 0.466667 0.500000
0.533333 0.566667 0.600000 0.633333 0.666667 0.700000 0.733333 0.766667 0.800000 0.833333 0.866667 0.900000 0.933333 0.966667 1.000000</float_array><technique_common><accessor source="#root_jnt-Matrix-animation-input-array" count="31"><param name="TIME" type="float"/></accessor></technique_common></source><source id="root_jnt-Matrix-animation-output-transform"><float_array id="root_jnt-Matrix-animation-output-transform-array" count="496">

1.000000 0.000000 0.000000 0.000000 0.000000 1.000000 0.000000 0.000000 0.000000 0.000000 1.000000 0.000000 0.000000 0.000000 0.000000 1.000000
1.000000 0.000000 0.000000 0.000000 0.000000 1.000000 0.000000 0.000000 0.000000 0.000000 1.000000 0.000000 0.000000 0.000000 0.000000 1.000000
1.000000 0.000000 0.000000 0.000000 0.000000 1.000000 0.000000 0.000000 0.000000 0.000000 1.000000 0.000000 0.000000 0.000000 0.000000 1.000000
1.000000 0.000000 0.000000 0.000000 0.000000 1.000000 0.000000 0.000000 0.000000 0.000000 1.000000 0.000000 0.000000 0.000000 0.000000 1.000000
1.000000 0.000000 0.000000 0.000000 0.000000 1.000000 0.000000 0.000000 0.000000 0.000000 1.000000 0.000000 0.000000 0.000000 0.000000 1.000000
1.000000 0.000000 0.000000 0.000000 0.000000 1.000000 0.000000 0.000000 0.000000 0.000000 1.000000 0.000000 0.000000 0.000000 0.000000 1.000000
1.000000 0.000000 0.000000 0.000000 0.000000 1.000000 0.000000 0.000000 0.000000 0.000000 1.000000 0.000000 0.000000 0.000000 0.000000 1.000000
1.000000 0.000000 0.000000 0.000000 0.000000 1.000000 0.000000 0.000000 0.000000 0.000000 1.000000 0.000000 0.000000 0.000000 0.000000 1.000000
1.000000 0.000000 0.000000 0.000000 0.000000 1.000000 0.000000 0.000000 0.000000 0.000000 1.000000 0.000000 0.000000 0.000000 0.000000 1.000000
1.000000 0.000000 0.000000 0.000000 0.000000 1.000000 0.000000 0.000000 0.000000 0.000000 1.000000 0.000000 0.000000 0.000000 0.000000 1.000000
1.000000 0.000000 0.000000 0.000000 0.000000 1.000000 0.000000 0.000000 0.000000 0.000000 1.000000 0.000000 0.000000 0.000000 0.000000 1.000000
1.000000 0.000000 0.000000 0.000000 0.000000 1.000000 0.000000 0.000000 0.000000 0.000000 1.000000 0.000000 0.000000 0.000000 0.000000 1.000000
1.000000 0.000000 0.000000 0.000000 0.000000 1.000000 0.000000 0.000000 0.000000 0.000000 1.000000 0.000000 0.000000 0.000000 0.000000 1.000000
1.000000 0.000000 0.000000 0.000000 0.000000 1.000000 0.000000 0.000000 0.000000 0.000000 1.000000 0.000000 0.000000 0.000000 0.000000 1.000000
1.000000 0.000000 0.000000 0.000000 0.000000 1.000000 0.000000 0.000000 0.000000 0.000000 1.000000 0.000000 0.000000 0.000000 0.000000 1.000000
1.000000 0.000000 0.000000 0.000000 0.000000 1.000000 0.000000 0.000000 0.000000 0.000000 1.000000 0.000000 0.000000 0.000000 0.000000 1.000000
1.000000 0.000000 0.000000 0.000000 0.000000 1.000000 0.000000 0.000000 0.000000 0.000000 1.000000 0.000000 0.000000 0.000000 0.000000 1.000000
1.000000 0.000000 0.000000 0.000000 0.000000 1.000000 0.000000 0.000000 0.000000 0.000000 1.000000 0.000000 0.000000 0.000000 0.000000 1.000000
1.000000 0.000000 0.000000 0.000000 0.000000 1.000000 0.000000 0.000000 0.000000 0.000000 1.000000 0.000000 0.000000 0.000000 0.000000 1.000000
1.000000 0.000000 0.000000 0.000000 0.000000 1.000000 0.000000 0.000000 0.000000 0.000000 1.000000 0.000000 0.000000 0.000000 0.000000 1.000000
1.000000 0.000000 0.000000 0.000000 0.000000 1.000000 0.000000 0.000000 0.000000 0.000000 1.000000 0.000000 0.000000 0.000000 0.000000 1.000000
1.000000 0.000000 0.000000 0.000000 0.000000 1.000000 0.000000 0.000000 0.000000 0.000000 1.000000 0.000000 0.000000 0.000000 0.000000 1.000000
1.000000 0.000000 0.000000 0.000000 0.000000 1.000000 0.000000 0.000000 0.000000 0.000000 1.000000 0.000000 0.000000 0.000000 0.000000 1.000000
1.000000 0.000000 0.000000 0.000000 0.000000 1.000000 0.000000 0.000000 0.000000 0.000000 1.000000 0.000000 0.000000 0.000000 0.000000 1.000000
1.000000 0.000000 0.000000 0.000000 0.000000 1.000000 0.000000 0.000000 0.000000 0.000000 1.000000 0.000000 0.000000 0.000000 0.000000 1.000000
1.000000 0.000000 0.000000 0.000000 0.000000 1.000000 0.000000 0.000000 0.000000 0.000000 1.000000 0.000000 0.000000 0.000000 0.000000 1.000000
1.000000 0.000000 0.000000 0.000000 0.000000 1.000000 0.000000 0.000000 0.000000 0.000000 1.000000 0.000000 0.000000 0.000000 0.000000 1.000000
1.000000 0.000000 0.000000 0.000000 0.000000 1.000000 0.000000 0.000000 0.000000 0.000000 1.000000 0.000000 0.000000 0.000000 0.000000 1.000000
1.000000 0.000000 0.000000 0.000000 0.000000 1.000000 0.000000 0.000000 0.000000 0.000000 1.000000 0.000000 0.000000 0.000000 0.000000 1.000000
1.000000 0.000000 0.000000 0.000000 0.000000 1.000000 0.000000 0.000000 0.000000 0.000000 1.000000 0.000000 0.000000 0.000000 0.000000 1.000000
1.000000 0.000000 0.000000 0.000000 0.000000 1.000000 0.000000 0.000000 0.000000 0.000000 1.000000 0.000000 0.000000 0.000000 0.000000 1.000000</float_array><technique_common><accessor source="#root_jnt-Matrix-animation-output-transform-array" count="31" stride="16"><param type="float4x4"/></accessor></technique_common></source><source id="root_jnt-Interpolations"><Name_array id="root_jnt-Interpolations-array" count="31">
 LINEAR LINEAR LINEAR LINEAR LINEAR LINEAR LINEAR LINEAR LINEAR LINEAR LINEAR
LINEAR LINEAR LINEAR LINEAR LINEAR LINEAR LINEAR LINEAR LINEAR LINEAR LINEAR LINEAR
LINEAR LINEAR LINEAR LINEAR LINEAR LINEAR LINEAR LINEAR</Name_array><technique_common><accessor source="#root_jnt-Interpolations-array" count="31"><param type="name"/></accessor></technique_common></source><sampler id="root_jnt-Matrix-animation-transform"><input semantic="INPUT" source="#root_jnt-Matrix-animation-input"/><input semantic="OUTPUT" source="#root_jnt-Matrix-animation-output-transform"/><input semantic="INTERPOLATION" source="#root_jnt-Interpolations"/></sampler><channel source="#root_jnt-Matrix-animation-transform" target="root_jnt/matrix"/></animation></animation>
    <animation id="neck01_jnt-anim" name="neck01_jnt"><animation><source id="neck01_jnt-Matrix-animation-input"><float_array id="neck01_jnt-Matrix-animation-input-array" count="31">

0.000000 0.033333 0.066667 0.100000 0.133333 0.166667 0.200000 0.233333 0.266667 0.300000 0.333333 0.366667 0.400000 0.433333 0.466667 0.500000
0.533333 0.566667 0.600000 0.633333 0.666667 0.700000 0.733333 0.766667 0.800000 0.833333 0.866667 0.900000 0.933333 0.966667 1.000000</float_array><technique_common><accessor source="#neck01_jnt-Matrix-animation-input-array" count="31"><param name="TIME" type="float"/></accessor></technique_common></source><source id="neck01_jnt-Matrix-animation-output-transform"><float_array id="neck01_jnt-Matrix-animation-output-transform-array" count="496">

0.992517 0.115469 -0.039709 -1.350344 0.054633 -0.129107 0.990125 3.468175 0.109202 -0.984885 -0.134449 -0.649723 0.000000 0.000000 0.000000 1.000000
0.992798 0.113079 -0.039563 -1.350344 0.053450 -0.122546 0.991022 3.468175 0.107215 -0.986000 -0.127708 -0.649723 0.000000 0.000000 0.000000 1.000000
0.993545 0.106465 -0.039159 -1.350344 0.050263 -0.103706 0.993337 3.468175 0.101695 -0.988893 -0.108388 -0.649723 0.000000 0.000000 0.000000 1.000000
0.994569 0.096674 -0.038559 -1.350344 0.045798 -0.073808 0.996220 3.468175 0.093463 -0.992576 -0.077835 -0.649723 0.000000 0.000000 0.000000 1.000000
0.995674 0.084860 -0.037834 -1.350344 0.040850 -0.034090 0.998584 3.468175 0.083450 -0.995810 -0.037409 -0.649723 0.000000 0.000000 0.000000 1.000000
0.996709 0.072106 -0.037048 -1.350344 0.036122 0.014113 0.999248 3.468175 0.072575 -0.997297 0.011462 -0.649723 0.000000 0.000000 0.000000 1.000000
0.997580 0.059320 -0.036258 -1.350344 0.032116 0.069335 0.997076 3.468175 0.061660 -0.995828 0.067262 -0.649723 0.000000 0.000000 0.000000 1.000000
0.998255 0.047185 -0.035505 -1.350344 0.029107 0.129969 0.991091 3.468175 0.051379 -0.990395 0.128369 -0.649723 0.000000 0.000000 0.000000 1.000000
0.998739 0.036173 -0.034819 -1.350344 0.027148 0.194300 0.980566 3.468175 0.042236 -0.980275 0.193073 -0.649723 0.000000 0.000000 0.000000 1.000000
0.999061 0.026570 -0.034220 -1.350344 0.026128 0.260551 0.965106 3.468175 0.034559 -0.965094 0.259612 -0.649723 0.000000 0.000000 0.000000 1.000000
0.999260 0.018516 -0.033716 -1.350344 0.025817 0.326947 0.944690 3.468175 0.028515 -0.944861 0.326227 -0.649723 0.000000 0.000000 0.000000 1.000000
0.999373 0.012040 -0.033310 -1.350344 0.025934 0.391787 0.919690 3.468175 0.024124 -0.919977 0.391229 -0.649723 0.000000 0.000000 0.000000 1.000000
0.999430 0.007091 -0.032999 -1.350344 0.026197 0.453505 0.890868 3.468175 0.021282 -0.891225 0.453061 -0.649723 0.000000 0.000000 0.000000 1.000000
0.999456 0.003552 -0.032777 -1.350344 0.026367 0.510734 0.859334 3.468175 0.019792 -0.859731 0.510363 -0.649723 0.000000 0.000000 0.000000 1.000000
0.999467 0.001257 -0.032633 -1.350344 0.026277 0.562336 0.826491 3.468175 0.019390 -0.826908 0.562003 -0.649723 0.000000 0.000000 0.000000 1.000000
0.999470 0.000000 -0.032553 -1.350344 0.025860 0.607419 0.793961 3.468175 0.019774 -0.794382 0.607097 -0.649723 0.000000 0.000000 0.000000 1.000000
0.999471 -0.000480 -0.032523 -1.350344 0.025010 0.650633 0.758981 3.468175 0.020796 -0.759393 0.650300 -0.649723 0.000000 0.000000 0.000000 1.000000
0.999470 -0.000110 -0.032546 -1.350344 0.023451 0.695867 0.717788 3.468175 0.022569 -0.718171 0.695501 -0.649723 0.000000 0.000000 0.000000 1.000000
0.999466 0.001345 -0.032638 -1.350344 0.020908 0.741323 0.670823 3.468175 0.025098 -0.671147 0.740899 -0.649723 0.000000 0.000000 0.000000 1.000000
0.999453 0.004074 -0.032810 -1.350344 0.017113 0.785348 0.618819 3.468175 0.028288 -0.619042 0.784848 -0.649723 0.000000 0.000000 0.000000 1.000000
0.999419 0.008212 -0.033070 -1.350344 0.011832 0.826502 0.562809 3.468175 0.031954 -0.562874 0.825925 -0.649723 0.000000 0.000000 0.000000 1.000000
0.999346 0.013833 -0.033423 -1.350344 0.004905 0.863628 0.504105 3.468175 0.035838 -0.503939 0.862995 -0.649723 0.000000 0.000000 0.000000 1.000000
0.999207 0.020933 -0.033867 -1.350344 -0.003711 0.895898 0.444244 3.468175 0.039641 -0.443766 0.895265 -0.649723 0.000000 0.000000 0.000000 1.000000
0.998975 0.029409 -0.034397 -1.350344 -0.013913 0.922840 0.384931 3.468175 0.043063 -0.384058 0.922304 -0.649723 0.000000 0.000000 0.000000 1.000000
0.998625 0.039024 -0.034997 -1.350344 -0.025409 0.944348 0.327964 3.468175 0.045848 -0.326624 0.944042 -0.649723 0.000000 0.000000 0.000000 1.000000
0.998144 0.049378 -0.035641 -1.350344 -0.037698 0.960657 0.275168 3.468175 0.047826 -0.273314 0.960735 -0.649723 0.000000 0.000000 0.000000 1.000000
0.997546 0.059875 -0.036292 -1.350344 -0.050052 0.972295 0.228337 3.468175 0.048958 -0.225960 0.972906 -0.649723 0.000000 0.000000 0.000000 1.000000
0.996884 0.069719 -0.036901 -1.350344 -0.061536 0.980010 0.189193 3.468175 0.049354 -0.186333 0.981246 -0.649723 0.000000 0.000000 0.000000 1.000000
0.996255 0.077951 -0.037409 -1.350344 -0.071059 0.984658 0.159368 3.468175 0.049258 -0.156113 0.986510 -0.649723 0.000000 0.000000 0.000000 1.000000
0.995789 0.083544 -0.037753 -1.350344 -0.077489 0.987057 0.140405 3.468175 0.048995 -0.136889 0.989374 -0.649723 0.000000 0.000000 0.000000 1.000000
0.995612 0.085572 -0.037878 -1.350344 -0.079811 0.987793 0.133769 3.468175 0.048862 -0.130159 0.990288 -0.649723 0.000000 0.000000 0.000000 1.000000</float_array><technique_common><accessor source="#neck01_jnt-Matrix-animation-output-transform-array" count="31" stride="16"><param type="float4x4"/></accessor></technique_common></source><source id="neck01_jnt-Interpolations"><Name_array id="neck01_jnt-Interpolations-array" count="31">
 LINEAR LINEAR LINEAR LINEAR LINEAR LINEAR LINEAR LINEAR LINEAR LINEAR LINEAR
LINEAR LINEAR LINEAR LINEAR LINEAR LINEAR LINEAR LINEAR LINEAR LINEAR LINEAR LINEAR
LINEAR LINEAR LINEAR LINEAR LINEAR LINEAR LINEAR LINEAR</Name_array><technique_common><accessor source="#neck01_jnt-Interpolations-array" count="31"><param type="name"/></accessor></technique_common></source><sampler id="neck01_jnt-Matrix-animation-transform"><input semantic="INPUT" source="#neck01_jnt-Matrix-animation-input"/><input semantic="OUTPUT" source="#neck01_jnt-Matrix-animation-output-transform"/><input semantic="INTERPOLATION" source="#neck01_jnt-Interpolations"/></sampler><channel source="#neck01_jnt-Matrix-animation-transform" target="neck01_jnt/matrix"/></animation></animation>
    <animation id="neck02_jnt-anim" name="neck02_jnt"><animation><source id="neck02_jnt-Matrix-animation-input"><float_array id="neck02_jnt-Matrix-animation-input-array" count="31">

0.000000 0.033333 0.066667 0.100000 0.133333 0.166667 0.200000 0.233333 0.266667 0.300000 0.333333 0.366667 0.400000 0.433333 0.466667 0.500000
0.533333 0.566667 0.600000 0.633333 0.666667 0.700000 0.733333 0.766667 0.800000 0.833333 0.866667 0.900000 0.933333 0.966667 1.000000</float_array><technique_common><accessor source="#neck02_jnt-Matrix-animation-input-array" count="31"><param name="TIME" type="float"/></accessor></technique_common></source><source id="neck02_jnt-Matrix-animation-output-transform"><float_array id="neck02_jnt-Matrix-animation-output-transform-array" count="496">

0.999470 -0.003923 0.032316 0.000000 0.000000 0.992710 0.120524 -0.000000 -0.032553 -0.120460 0.992184 1.061054 0.000000 0.000000 0.000000 1.000000
0.999470 -0.003923 0.032316 0.000000 -0.000000 0.992710 0.120524 -0.000000 -0.032553 -0.120460 0.992184 1.061054 0.000000 0.000000 0.000000 1.000000
0.999470 -0.003923 0.032316 0.000000 -0.000000 0.992710 0.120524 -0.000000 -0.032553 -0.120460 0.992184 1.061054 0.000000 0.000000 0.000000 1.000000
0.999470 -0.003923 0.032316 0.000000 -0.000000 0.992710 0.120524 -0.000000 -0.032553 -0.120460 0.992184 1.061054 0.000000 0.000000 0.000000 1.000000
0.999470 -0.003923 0.032316 0.000000 0.000000 0.992710 0.120524 -0.000000 -0.032553 -0.120460 0.992184 1.061054 0.000000 0.000000 0.000000 1.000000
0.999470 -0.003923 0.032316 0.000000 0.000000 0.992710 0.120524 -0.000000 -0.032553 -0.120460 0.992184 1.061054 0.000000 0.000000 0.000000 1.000000
0.999470 -0.003923 0.032316 0.000000 0.000000 0.992710 0.120524 -0.000000 -0.032553 -0.120460 0.992184 1.061054 0.000000 0.000000 0.000000 1.000000
0.999470 -0.003923 0.032316 0.000000 0.000000 0.992710 0.120524 -0.000000 -0.032553 -0.120460 0.992184 1.061054 0.000000 0.000000 0.000000 1.000000
0.999470 -0.003923 0.032316 0.000000 0.000000 0.992710 0.120524 -0.000000 -0.032553 -0.120460 0.992184 1.061054 0.000000 0.000000 0.000000 1.000000
0.999470 -0.003923 0.032316 -0.000000 0.000000 0.992710 0.120524 -0.000000 -0.032553 -0.120460 0.992184 1.061054 0.000000 0.000000 0.000000 1.000000
0.999470 -0.003923 0.032316 0.000000 0.000000 0.992710 0.120524 -0.000000 -0.032553 -0.120460 0.992184 1.061054 0.000000 0.000000 0.000000 1.000000
0.999470 -0.003923 0.032316 -0.000000 0.000000 0.992710 0.120524 -0.000000 -0.032553 -0.120460 0.992184 1.061054 0.000000 0.000000 0.000000 1.000000
0.999470 -0.003923 0.032316 0.000000 0.000000 0.992710 0.120524 -0.000000 -0.032553 -0.120460 0.992184 1.061054 0.000000 0.000000 0.000000 1.000000
0.999470 -0.003923 0.032316 0.000000 0.000000 0.992710 0.120524 -0.000000 -0.032553 -0.120460 0.992184 1.061054 0.000000 0.000000 0.000000 1.000000
0.999470 -0.003923 0.032316 -0.000000 -0.000000 0.992710 0.120524 -0.000000 -0.032553 -0.120460 0.992184 1.061054 0.000000 0.000000 0.000000 1.000000
0.999470 -0.003923 0.032316 0.000000 0.000000 0.992710 0.120524 -0.000000 -0.032553 -0.120460 0.992184 1.061054 0.000000 0.000000 0.000000 1.000000
0.999470 -0.003923 0.032316 0.000000 0.000000 0.992710 0.120524 -0.000000 -0.032553 -0.120460 0.992184 1.061054 0.000000 0.000000 0.000000 1.000000
0.999470 -0.003923 0.032316 0.000000 -0.000000 0.992710 0.120524 -0.000000 -0.032553 -0.120460 0.992184 1.061054 0.000000 0.000000 0.000000 1.000000
0.999470 -0.003923 0.032316 0.000000 0.000000 0.992710 0.120524 -0.000000 -0.032553 -0.120460 0.992184 1.061054 0.000000 0.000000 0.000000 1.000000
0.999470 -0.003923 0.032316 0.000000 0.000000 0.992710 0.120524 -0.000000 -0.032553 -0.120460 0.992184 1.061054 0.000000 0.000000 0.000000 1.000000
0.999470 -0.003923 0.032316 -0.000000 -0.000000 0.992710 0.120524 -0.000000 -0.032553 -0.120460 0.992184 1.061054 0.000000 0.000000 0.000000 1.000000
0.999470 -0.003923 0.032316 0.000000 0.000000 0.992710 0.120524 -0.000000 -0.032553 -0.120460 0.992184 1.061054 0.000000 0.000000 0.000000 1.000000
0.999470 -0.003923 0.032316 0.000000 0.000000 0.992710 0.120524 -0.000000 -0.032553 -0.120460 0.992184 1.061054 0.000000 0.000000 0.000000 1.000000
0.999470 -0.003923 0.032316 -0.000000 -0.000000 0.992710 0.120524 -0.000000 -0.032553 -0.120460 0.992184 1.061054 0.000000 0.000000 0.000000 1.000000
0.999470 -0.003923 0.032316 0.000000 -0.000000 0.992710 0.120524 -0.000000 -0.032553 -0.120460 0.992184 1.061054 0.000000 0.000000 0.000000 1.000000
0.999470 -0.003923 0.032316 0.000000 -0.000000 0.992710 0.120524 -0.000000 -0.032553 -0.120460 0.992184 1.061054 0.000000 0.000000 0.000000 1.000000
0.999470 -0.003923 0.032316 -0.000000 -0.000000 0.992710 0.120524 -0.000000 -0.032553 -0.120460 0.992184 1.061054 0.000000 0.000000 0.000000 1.000000
0.999470 -0.003923 0.032316 -0.000000 -0.000000 0.992710 0.120524 -0.000000 -0.032553 -0.120460 0.992184 1.061054 0.000000 0.000000 0.000000 1.000000
0.999470 -0.003923 0.032316 0.000000 -0.000000 0.992710 0.120524 -0.000000 -0.032553 -0.120460 0.992184 1.061054 0.000000 0.000000 0.000000 1.000000
0.999470 -0.003923 0.032316 0.000000 -0.000000 0.992710 0.120524 -0.000000 -0.032553 -0.120460 0.992184 1.061054 0.000000 0.000000 0.000000 1.000000
0.999470 -0.003923 0.032316 0.000000 -0.000000 0.992710 0.120524 -0.000000 -0.032553 -0.120460 0.992184 1.061054 0.000000 0.000000 0.000000 1.000000</float_array><technique_common><accessor source="#neck02_jnt-Matrix-animation-output-transform-array" count="31" stride="16"><param type="float4x4"/></accessor></technique_common></source><source id="neck02_jnt-Interpolations"><Name_array id="neck02_jnt-Interpolations-array" count="31">
 LINEAR LINEAR LINEAR LINEAR LINEAR LINEAR LINEAR LINEAR LINEAR LINEAR LINEAR
LINEAR LINEAR LINEAR LINEAR LINEAR LINEAR LINEAR LINEAR LINEAR LINEAR LINEAR LINEAR
LINEAR LINEAR LINEAR LINEAR LINEAR LINEAR LINEAR LINEAR</Name_array><technique_common><accessor source="#neck02_jnt-Interpolations-array" count="31"><param type="name"/></accessor></technique_common></source><sampler id="neck02_jnt-Matrix-animation-transform"><input semantic="INPUT" source="#neck02_jnt-Matrix-animation-input"/><input semantic="OUTPUT" source="#neck02_jnt-Matrix-animation-output-transform"/><input semantic="INTERPOLATION" source="#neck02_jnt-Interpolations"/></sampler><channel source="#neck02_jnt-Matrix-animation-transform" target="neck02_jnt/matrix"/></animation></animation>
    <animation id="head_jnt-anim" name="head_jnt"><animation><source id="head_jnt-Matrix-animation-input"><float_array id="head_jnt-Matrix-animation-input-array" count="31">

0.000000 0.033333 0.066667 0.100000 0.133333 0.166667 0.200000 0.233333 0.266667 0.300000 0.333333 0.366667 0.400000 0.433333 0.466667 0.500000
0.533333 0.566667 0.600000 0.633333 0.666667 0.700000 0.733333 0.766667 0.800000 0.833333 0.866667 0.900000 0.933333 0.966667 1.000000</float_array><technique_common><accessor source="#head_jnt-Matrix-animation-input-array" count="31"><param name="TIME" type="float"/></accessor></technique_common></source><source id="head_jnt-Matrix-animation-output-transform"><float_array id="head_jnt-Matrix-animation-output-transform-array" count="496">

0.993284 -0.064452 0.096091 0.000000 0.115516 0.505078 -0.855308 0.000000 0.006593 0.860664 0.509131 1.151551 0.000000 0.000000 0.000000 1.000000
0.993560 -0.063116 0.094103 0.000000 0.113125 0.505199 -0.855556 0.000000 0.006459 0.860692 0.509085 1.151551 0.000000 0.000000 0.000000 1.000000
0.994293 -0.059420 0.088602 0.000000 0.106508 0.505517 -0.856218 0.000000 0.006086 0.860768 0.508961 1.151551 0.000000 0.000000 0.000000 1.000000
0.995297 -0.053949 0.080457 0.000000 0.096712 0.505942 -0.857128 0.000000 0.005534 0.860879 0.508780 1.151551 0.000000 0.000000 0.000000 1.000000
0.996378 -0.047349 0.070629 0.000000 0.084892 0.506383 -0.858120 0.000000 0.004866 0.861007 0.508569 1.151551 0.000000 0.000000 0.000000 1.000000
0.997386 -0.040227 0.060018 0.000000 0.072133 0.506771 -0.859058 0.000000 0.004142 0.861142 0.508348 1.151551 0.000000 0.000000 0.000000 1.000000
0.998232 -0.033088 0.049378 0.000000 0.059341 0.507068 -0.859861 0.000000 0.003413 0.861271 0.508135 1.151551 0.000000 0.000000 0.000000 1.000000
0.998882 -0.026316 0.039279 0.000000 0.047202 0.507265 -0.860496 0.000000 0.002719 0.861388 0.507940 1.151551 0.000000 0.000000 0.000000 1.000000
0.999343 -0.020171 0.030114 0.000000 0.036186 0.507373 -0.860967 0.000000 0.002088 0.861491 0.507769 1.151551 0.000000 0.000000 0.000000 1.000000
0.999646 -0.014815 0.022121 0.000000 0.026579 0.507411 -0.861294 0.000000 0.001536 0.861577 0.507625 1.151551 0.000000 0.000000 0.000000 1.000000
0.999828 -0.010323 0.015416 0.000000 0.018522 0.507403 -0.861510 0.000000 0.001071 0.861647 0.507507 1.151551 0.000000 0.000000 0.000000 1.000000
0.999927 -0.006712 0.010025 0.000000 0.012044 0.507371 -0.861643 0.000000 0.000697 0.861702 0.507415 1.151551 0.000000 0.000000 0.000000 1.000000
0.999975 -0.003953 0.005904 0.000000 0.007093 0.507331 -0.861722 0.000000 0.000411 0.861742 0.507346 1.151551 0.000000 0.000000 0.000000 1.000000
0.999994 -0.001980 0.002957 0.000000 0.003553 0.507293 -0.861766 0.000000 0.000206 0.861771 0.507297 1.151551 0.000000 0.000000 0.000000 1.000000
0.999999 -0.000701 0.001047 0.000000 0.001258 0.507265 -0.861789 0.000000 0.000073 0.861790 0.507266 1.151551 0.000000 0.000000 0.000000 1.000000
1.000000 -0.000000 0.000000 0.000000 0.000000 0.507249 -0.861800 0.000000 0.000000 0.861800 0.507249 1.151551 0.000000 0.000000 0.000000 1.000000
1.000000 0.000268 -0.000400 0.000000 -0.000481 0.507242 -0.861803 0.000000 -0.000028 0.861803 0.507242 1.151551 0.000000 0.000000 0.000000 1.000000
1.000000 0.000061 -0.000092 0.000000 -0.000110 0.507247 -0.861800 0.000000 -0.000006 0.861801 0.507247 1.151551 0.000000 0.000000 0.000000 1.000000
0.999999 -0.000750 0.001120 0.000000 0.001346 0.507267 -0.861788 0.000000 0.000078 0.861789 0.507267 1.151551 0.000000 0.000000 0.000000 1.000000
0.999992 -0.002271 0.003392 0.000000 0.004076 0.507299 -0.861760 0.000000 0.000236 0.861767 0.507304 1.151551 0.000000 0.000000 0.000000 1.000000
0.999966 -0.004578 0.006837 0.000000 0.008215 0.507341 -0.861706 0.000000 0.000476 0.861733 0.507361 1.151551 0.000000 0.000000 0.000000 1.000000
0.999904 -0.007711 0.011517 0.000000 0.013837 0.507382 -0.861610 0.000000 0.000801 0.861687 0.507440 1.151551 0.000000 0.000000 0.000000 1.000000
0.999780 -0.011671 0.017428 0.000000 0.020940 0.507409 -0.861451 0.000000 0.001211 0.861626 0.507542 1.151551 0.000000 0.000000 0.000000 1.000000
0.999566 -0.016398 0.024483 0.000000 0.029418 0.507405 -0.861205 -0.000000 0.001699 0.861552 0.507667 1.151551 0.000000 0.000000 0.000000 1.000000
0.999235 -0.021762 0.032487 0.000000 0.039037 0.507351 -0.860855 0.000000 0.002252 0.861465 0.507813 1.151551 0.000000 0.000000 0.000000 1.000000
0.998775 -0.027539 0.041104 0.000000 0.049395 0.507236 -0.860391 0.000000 0.002845 0.861367 0.507975 1.151551 0.000000 0.000000 0.000000 1.000000
0.998199 -0.033398 0.049840 0.000000 0.059897 0.507057 -0.859829 0.000000 0.003445 0.861265 0.508144 1.151551 0.000000 0.000000 0.000000 1.000000
0.997557 -0.038894 0.058032 0.000000 0.069745 0.506834 -0.859218 0.000000 0.004006 0.861166 0.508308 1.151551 0.000000 0.000000 0.000000 1.000000
0.996945 -0.043490 0.064881 0.000000 0.077980 0.506605 -0.858645 0.000000 0.004474 0.861081 0.508448 1.151551 0.000000 0.000000 0.000000 1.000000
0.996490 -0.046614 0.069535 0.000000 0.083576 0.506428 -0.858223 0.000000 0.004791 0.861022 0.508546 1.151551 0.000000 0.000000 0.000000 1.000000
0.996317 -0.047747 0.071221 0.000000 0.085605 0.506359 -0.858063 0.000000 0.004906 0.861000 0.508582 1.151551 0.000000 0.000000 0.000000 1.000000</float_array><technique_common><accessor source="#head_jnt-Matrix-animation-output-transform-array" count="31" stride="16"><param type="float4x4"/></accessor></technique_common></source><source id="head_jnt-Interpolations"><Name_array id="head_jnt-Interpolations-array" count="31">
 LINEAR LINEAR LINEAR LINEAR LINEAR LINEAR LINEAR LINEAR LINEAR LINEAR LINEAR
LINEAR LINEAR LINEAR LINEAR LINEAR LINEAR LINEAR LINEAR LINEAR LINEAR LINEAR LINEAR
LINEAR LINEAR LINEAR LINEAR LINEAR LINEAR LINEAR LINEAR</Name_array><technique_common><accessor source="#head_jnt-Interpolations-array" count="31"><param type="name"/></accessor></technique_common></source><sampler id="head_jnt-Matrix-animation-transform"><input semantic="INPUT" source="#head_jnt-Matrix-animation-input"/><input semantic="OUTPUT" source="#head_jnt-Matrix-animation-output-transform"/><input semantic="INTERPOLATION" source="#head_jnt-Interpolations"/></sampler><channel source="#head_jnt-Matrix-animation-transform" target="head_jnt/matrix"/></animation></animation>
    <animation id="eye01_jnt-anim" name="eye01_jnt"><animation><source id="eye01_jnt-Matrix-animation-input"><float_array id="eye01_jnt-Matrix-animation-input-array" count="31">

0.000000 0.033333 0.066667 0.100000 0.133333 0.166667 0.200000 0.233333 0.266667 0.300000 0.333333 0.366667 0.400000 0.433333 0.466667 0.500000
0.533333 0.566667 0.600000 0.633333 0.666667 0.700000 0.733333 0.766667 0.800000 0.833333 0.866667 0.900000 0.933333 0.966667 1.000000</float_array><technique_common><accessor source="#eye01_jnt-Matrix-animation-input-array" count="31"><param name="TIME" type="float"/></accessor></technique_common></source><source id="eye01_jnt-Matrix-animation-output-transform"><float_array id="eye01_jnt-Matrix-animation-output-transform-array" count="496">

1.000000 -0.000000 0.000000 0.034620 0.000000 3.200000 0.000000 0.840940 0.000000 0.000000 1.000000 2.657149 0.000000 0.000000 0.000000 1.000000
1.000000 -0.000000 0.000000 0.034620 -0.000000 3.200000 0.000000 0.840940 -0.000000 -0.000000 1.000000 2.657149 0.000000 0.000000 0.000000 1.000000
1.000000 0.000000 0.000000 0.034620 -0.000000 3.200000 0.000000 0.840940 -0.000000 0.000000 1.000000 2.657149 0.000000 0.000000 0.000000 1.000000
1.000000 -0.000000 -0.000000 0.034620 0.000000 3.200000 0.000000 0.840940 -0.000000 0.000000 1.000000 2.657149 0.000000 0.000000 0.000000 1.000000
1.000000 0.000000 0.000000 0.034620 0.000000 3.200000 -0.000000 0.840940 0.000000 -0.000000 1.000000 2.657149 0.000000 0.000000 0.000000 1.000000
1.000000 -0.000000 -0.000000 0.034620 0.000000 3.200000 0.000000 0.840940 0.000000 0.000000 1.000000 2.657149 0.000000 0.000000 0.000000 1.000000
1.000000 0.000000 0.000000 0.034620 0.000000 3.200000 -0.000000 0.840940 0.000000 0.000000 1.000000 2.657149 0.000000 0.000000 0.000000 1.000000
1.000000 -0.000000 -0.000000 0.034620 0.000000 3.200000 0.000000 0.840940 0.000000 0.000000 1.000000 2.657149 0.000000 0.000000 0.000000 1.000000
1.000000 -0.000000 0.000000 0.034620 0.000000 3.200000 0.000000 0.840940 0.000000 0.000000 1.000000 2.657149 0.000000 0.000000 0.000000 1.000000
1.000000 0.000000 0.000000 0.034620 0.000000 3.200000 -0.000000 0.840940 -0.000000 0.000000 1.000000 2.657149 0.000000 0.000000 0.000000 1.000000
1.000000 -0.000000 0.000000 0.034620 0.000000 3.200000 0.000000 0.840940 0.000000 0.000000 1.000000 2.657149 0.000000 0.000000 0.000000 1.000000
1.000000 0.000000 0.000000 0.034620 -0.000000 3.200000 -0.000000 0.840940 -0.000000 -0.000000 1.000000 2.657149 0.000000 0.000000 0.000000 1.000000
1.000000 0.000000 -0.000000 0.034620 0.000000 3.200000 0.000000 0.840940 0.000000 0.000000 1.000000 2.657149 0.000000 0.000000 0.000000 1.000000
1.000000 -0.000000 -0.000000 0.034620 0.000000 3.200000 -0.000000 0.840940 -0.000000 0.000000 1.000000 2.657149 0.000000 0.000000 0.000000 1.000000
1.000000 0.000000 0.000000 0.034620 0.000000 3.200000 -0.000000 0.840940 0.000000 0.000000 1.000000 2.657149 0.000000 0.000000 0.000000 1.000000
1.000000 -0.000000 -0.000000 0.034620 -0.000000 3.200000 -0.000000 0.840940 0.000000 0.000000 1.000000 2.657149 0.000000 0.000000 0.000000 1.000000
1.000000 -0.000000 -0.000000 0.034620 -0.000000 3.200000 0.000000 0.840940 -0.000000 0.000000 1.000000 2.657149 0.000000 0.000000 0.000000 1.000000
1.000000 0.000000 -0.000000 0.034620 -0.000000 3.200000 0.000000 0.840940 -0.000000 0.000000 1.000000 2.657149 0.000000 0.000000 0.000000 1.000000
1.000000 0.000000 0.000000 0.034620 -0.000000 3.200000 -0.000000 0.840940 0.000000 0.000000 1.000000 2.657149 0.000000 0.000000 0.000000 1.000000
1.000000 -0.000000 0.000000 0.034620 -0.000000 3.200000 0.000000 0.840940 0.000000 0.000000 1.000000 2.657149 0.000000 0.000000 0.000000 1.000000
1.000000 0.000000 0.000000 0.034620 -0.000000 3.200000 -0.000000 0.840940 0.000000 0.000000 1.000000 2.657149 0.000000 0.000000 0.000000 1.000000
1.000000 0.000000 0.000000 0.034620 -0.000000 3.200000 0.000000 0.840940 0.000000 0.000000 1.000000 2.657149 0.000000 0.000000 0.000000 1.000000
1.000000 0.000000 -0.000000 0.034620 0.000000 3.200000 0.000000 0.840940 -0.000000 0.000000 1.000000 2.657149 0.000000 0.000000 0.000000 1.000000
1.000000 0.000000 -0.000000 0.034620 0.000000 3.200000 -0.000000 0.840940 -0.000000 0.000000 1.000000 2.657149 0.000000 0.000000 0.000000 1.000000
1.000000 -0.000000 0.000000 0.034620 0.000000 3.200000 0.000000 0.840940 0.000000 -0.000000 1.000000 2.657149 0.000000 0.000000 0.000000 1.000000
1.000000 0.000000 0.000000 0.034620 0.000000 3.200000 0.000000 0.840940 0.000000 -0.000000 1.000000 2.657149 0.000000 0.000000 0.000000 1.000000
1.000000 0.000000 0.000000 0.034620 0.000000 3.200000 0.000000 0.840940 0.000000 0.000000 1.000000 2.657149 0.000000 0.000000 0.000000 1.000000
1.000000 0.000000 -0.000000 0.034620 0.000000 3.200000 0.000000 0.840940 0.000000 0.000000 1.000000 2.657149 0.000000 0.000000 0.000000 1.000000
1.000000 0.000000 -0.000000 0.034620 -0.000000 3.200000 -0.000000 0.840940 -0.000000 -0.000000 1.000000 2.657149 0.000000 0.000000 0.000000 1.000000
1.000000 0.000000 0.000000 0.034620 -0.000000 3.200000 0.000000 0.840940 0.000000 0.000000 1.000000 2.657149 0.000000 0.000000 0.000000 1.000000
1.000000 0.000000 0.000000 0.034620 0.000000 3.200000 0.000000 0.840940 0.000000 0.000000 1.000000 2.657149 0.000000 0.000000 0.000000 1.000000</float_array><technique_common><accessor source="#eye01_jnt-Matrix-animation-output-transform-array" count="31" stride="16"><param type="float4x4"/></accessor></technique_common></source><source id="eye01_jnt-Interpolations"><Name_array id="eye01_jnt-Interpolations-array" count="31">
 LINEAR LINEAR LINEAR LINEAR LINEAR LINEAR LINEAR LINEAR LINEAR LINEAR LINEAR
LINEAR LINEAR LINEAR LINEAR LINEAR LINEAR LINEAR LINEAR LINEAR LINEAR LINEAR LINEAR
LINEAR LINEAR LINEAR LINEAR LINEAR LINEAR LINEAR LINEAR</Name_array><technique_common><accessor source="#eye01_jnt-Interpolations-array" count="31"><param type="name"/></accessor></technique_common></source><sampler id="eye01_jnt-Matrix-animation-transform"><input semantic="INPUT" source="#eye01_jnt-Matrix-animation-input"/><input semantic="OUTPUT" source="#eye01_jnt-Matrix-animation-output-transform"/><input semantic="INTERPOLATION" source="#eye01_jnt-Interpolations"/></sampler><channel source="#eye01_jnt-Matrix-animation-transform" target="eye01_jnt/matrix"/></animation></animation>
    <animation id="l_arm01_jnt-anim" name="l_arm01_jnt"><animation><source id="l_arm01_jnt-Matrix-animation-input"><float_array id="l_arm01_jnt-Matrix-animation-input-array" count="31">

0.000000 0.033333 0.066667 0.100000 0.133333 0.166667 0.200000 0.233333 0.266667 0.300000 0.333333 0.366667 0.400000 0.433333 0.466667 0.500000
0.533333 0.566667 0.600000 0.633333 0.666667 0.700000 0.733333 0.766667 0.800000 0.833333 0.866667 0.900000 0.933333 0.966667 1.000000</float_array><technique_common><accessor source="#l_arm01_jnt-Matrix-animation-input-array" count="31"><param name="TIME" type="float"/></accessor></technique_common></source><source id="l_arm01_jnt-Matrix-animation-output-transform"><float_array id="l_arm01_jnt-Matrix-animation-output-transform-array" count="496">

0.999333 -0.024028 -0.027491 2.142511 -0.000000 0.752932 -0.658098 3.683497 0.036512 0.657659 0.752430 -0.000000 0.000000 0.000000 0.000000 1.000000
0.999333 -0.024028 -0.027491 2.142511 -0.000000 0.752932 -0.658098 3.683497 0.036512 0.657659 0.752430 -0.000000 0.000000 0.000000 0.000000 1.000000
0.999333 -0.024028 -0.027491 2.142511 -0.000000 0.752932 -0.658098 3.683497 0.036512 0.657659 0.752430 -0.000000 0.000000 0.000000 0.000000 1.000000
0.999333 -0.024028 -0.027491 2.142511 -0.000000 0.752932 -0.658098 3.683497 0.036512 0.657659 0.752430 -0.000000 0.000000 0.000000 0.000000 1.000000
