<?xml version="1.0" encoding="utf-8"?>
<COLLADA xmlns="http://www.collada.org/2005/11/COLLADASchema" version="1.4.1">
  <asset><contributor><author></author><authoring_tool>FBX COLLADA exporter</authoring_tool><comments></comments></contributor><created>2020-02-24T14:14:08Z</created><keywords></keywords><modified>2020-02-24T14:14:08Z</modified><revision></revision><subject></subject><title></title><unit meter="0.010000" name="centimeter"></unit><up_axis>Y_UP</up_axis></asset>
  <library_animations>
    <animation id="master_ctrl-anim" name="master_ctrl"><animation><source id="master_ctrl-Matrix-animation-input"><float_array id="master_ctrl-Matrix-animation-input-array" count="31">

0.000000 0.033333 0.066667 0.100000 0.133333 0.166667 0.200000 0.233333 0.266667 0.300000 0.333333 0.366667 0.400000 0.433333 0.466667 0.500000
0.533333 0.566667 0.600000 0.633333 0.666667 0.700000 0.733333 0.766667 0.800000 0.833333 0.866667 0.900000 0.933333 0.966667 1.000000</float_array><technique_common><accessor source="#master_ctrl-Matrix-animation-input-array" count="31"><param name="TIME" type="float"/></accessor></technique_common></source><source id="master_ctrl-Matrix-animation-output-transform"><float_array id="master_ctrl-Matrix-animation-output-transform-array" count="496">

1.000000 0.000000 0.000000 0.000000 0.000000 1.000000 0.000000 0.000000 0.000000 0.000000 1.000000 0.000000 0.000000 0.000000 0.000000 1.000000
1.000000 0.000000 0.000000 0.000000 0.000000 1.000000 0.000000 0.000001 0.000000 0.000000 1.000000 0.000000 0.000000 0.000000 0.000000 1.000000
1.000000 0.000000 0.000000 0.000000 0.000000 1.000000 0.000000 0.000011 0.000000 0.000000 1.000000 0.000000 0.000000 0.000000 0.000000 1.000000
1.000000 0.000000 0.000000 0.000000 0.000000 1.000000 0.000000 0.000036 0.000000 0.000000 1.000000 0.000000 0.000000 0.000000 0.000000 1.000000
1.000000 0.000000 0.000000 0.000000 0.000000 1.000000 0.000000 0.000085 0.000000 0.000000 1.000000 0.000000 0.000000 0.000000 0.000000 1.000000
1.000000 0.000000 0.000000 0.000000 0.000000 1.000000 0.000000 0.000166 0.000000 0.000000 1.000000 0.000000 0.000000 0.000000 0.000000 1.000000
1.000000 0.000000 0.000000 0.000000 0.000000 1.000000 0.000000 0.000287 0.000000 0.000000 1.000000 0.000000 0.000000 0.000000 0.000000 1.000000
1.000000 0.000000 0.000000 0.000000 0.000000 1.000000 0.000000 0.000456 0.000000 0.000000 1.000000 0.000000 0.000000 0.000000 0.000000 1.000000
1.000000 0.000000 0.000000 0.000000 0.000000 1.000000 0.000000 0.000681 0.000000 0.000000 1.000000 0.000000 0.000000 0.000000 0.000000 1.000000
1.000000 0.000000 0.000000 0.000000 0.000000 1.000000 0.000000 0.000969 0.000000 0.000000 1.000000 0.000000 0.000000 0.000000 0.000000 1.000000
1.000000 0.000000 0.000000 0.000000 0.000000 1.000000 0.000000 0.001329 0.000000 0.000000 1.000000 0.000000 0.000000 0.000000 0.000000 1.000000
1.000000 0.000000 0.000000 0.000000 0.000000 1.000000 0.000000 0.001769 0.000000 0.000000 1.000000 0.000000 0.000000 0.000000 0.000000 1.000000
1.000000 0.000000 0.000000 0.000000 0.000000 1.000000 0.000000 0.002297 0.000000 0.000000 1.000000 0.000000 0.000000 0.000000 0.000000 1.000000
1.000000 0.000000 0.000000 0.000000 0.000000 1.000000 0.000000 0.002920 0.000000 0.000000 1.000000 0.000000 0.000000 0.000000 0.000000 1.000000
1.000000 0.000000 0.000000 0.000000 0.000000 1.000000 0.000000 0.003647 0.000000 0.000000 1.000000 0.000000 0.000000 0.000000 0.000000 1.000000
1.000000 0.000000 0.000000 0.000000 0.000000 1.000000 0.000000 0.004486 0.000000 0.000000 1.000000 0.000000 0.000000 0.000000 0.000000 1.000000
1.000000 0.000000 0.000000 0.000000 0.000000 1.000000 0.000000 0.005444 0.000000 0.000000 1.000000 0.000000 0.000000 0.000000 0.000000 1.000000
1.000000 0.000000 0.000000 0.000000 0.000000 1.000000 0.000000 0.006530 0.000000 0.000000 1.000000 0.000000 0.000000 0.000000 0.000000 1.000000
1.000000 0.000000 0.000000 0.000000 0.000000 1.000000 0.000000 0.007752 0.000000 0.000000 1.000000 0.000000 0.000000 0.000000 0.000000 1.000000
1.000000 0.000000 0.000000 0.000000 0.000000 1.000000 0.000000 0.018949 0.000000 0.000000 1.000000 0.000000 0.000000 0.000000 0.000000 1.000000
1.000000 0.000000 0.000000 0.000000 0.000000 1.000000 0.000000 0.038932 0.000000 0.000000 1.000000 0.000000 0.000000 0.000000 0.000000 1.000000
1.000000 0.000000 0.000000 0.000000 0.000000 1.000000 0.000000 0.049613 0.000000 0.000000 1.000000 0.000000 0.000000 0.000000 0.000000 1.000000
1.000000 0.000000 0.000000 0.000000 0.000000 1.000000 0.000000 0.024806 0.000000 0.000000 1.000000 0.000000 0.000000 0.000000 0.000000 1.000000
1.000000 0.000000 0.000000 0.000000 0.000000 1.000000 0.000000 0.000000 0.000000 0.000000 1.000000 0.000000 0.000000 0.000000 0.000000 1.000000
1.000000 0.000000 0.000000 0.000000 0.000000 1.000000 0.000000 0.000000 0.000000 0.000000 1.000000 0.000000 0.000000 0.000000 0.000000 1.000000
1.000000 0.000000 0.000000 0.000000 0.000000 1.000000 0.000000 0.000000 0.000000 0.000000 1.000000 0.000000 0.000000 0.000000 0.000000 1.000000
1.000000 0.000000 0.000000 0.000000 0.000000 1.000000 0.000000 0.000000 0.000000 0.000000 1.000000 0.000000 0.000000 0.000000 0.000000 1.000000
1.000000 0.000000 0.000000 0.000000 0.000000 1.000000 0.000000 0.000000 0.000000 0.000000 1.000000 0.000000 0.000000 0.000000 0.000000 1.000000
1.000000 0.000000 0.000000 0.000000 0.000000 1.000000 0.000000 0.000000 0.000000 0.000000 1.000000 0.000000 0.000000 0.000000 0.000000 1.000000
1.000000 0.000000 0.000000 0.000000 0.000000 1.000000 0.000000 0.000000 0.000000 0.000000 1.000000 0.000000 0.000000 0.000000 0.000000 1.000000
1.000000 0.000000 0.000000 0.000000 0.000000 1.000000 0.000000 0.007752 0.000000 0.000000 1.000000 0.000000 0.000000 0.000000 0.000000 1.000000</float_array><technique_common><accessor source="#master_ctrl-Matrix-animation-output-transform-array" count="31" stride="16"><param type="float4x4"/></accessor></technique_common></source><source id="master_ctrl-Interpolations"><Name_array id="master_ctrl-Interpolations-array" count="31">
 LINEAR LINEAR LINEAR LINEAR LINEAR LINEAR LINEAR LINEAR LINEAR LINEAR LINEAR
LINEAR LINEAR LINEAR LINEAR LINEAR LINEAR LINEAR LINEAR LINEAR LINEAR LINEAR LINEAR
LINEAR LINEAR LINEAR LINEAR LINEAR LINEAR LINEAR LINEAR</Name_array><technique_common><accessor source="#master_ctrl-Interpolations-array" count="31"><param type="name"/></accessor></technique_common></source><sampler id="master_ctrl-Matrix-animation-transform"><input semantic="INPUT" source="#master_ctrl-Matrix-animation-input"/><input semantic="OUTPUT" source="#master_ctrl-Matrix-animation-output-transform"/><input semantic="INTERPOLATION" source="#master_ctrl-Interpolations"/></sampler><channel source="#master_ctrl-Matrix-animation-transform" target="master_ctrl/matrix"/></animation><animation><source id="master_ctrl-visibility-animation-input"><float_array id="master_ctrl-visibility-animation-input-array" count="4">

0.000000 0.600000 0.800000 1.000000</float_array><technique_common><accessor source="#master_ctrl-visibility-animation-input-array" count="4"><param name="TIME" type="float"/></accessor></technique_common></source><source id="master_ctrl-visibility-animation-output"><float_array id="master_ctrl-visibility-animation-output-array" count="4">

1.000000 1.000000 1.000000 1.000000</float_array><technique_common><accessor source="#master_ctrl-visibility-animation-output-array" count="4"><param type="float"/></accessor></technique_common></source><source id="master_ctrl-visibility-animation-intan"><float_array id="master_ctrl-visibility-animation-intan-array" count="4">

0.000000 0.000000 0.000000 0.000000</float_array><technique_common><accessor source="#master_ctrl-visibility-animation-intan-array" count="4"><param type="float"/></accessor></technique_common></source><source id="master_ctrl-visibility-animation-outtan"><float_array id="master_ctrl-visibility-animation-outtan-array" count="4">

0.000000 0.000000 0.000000 0.000000</float_array><technique_common><accessor source="#master_ctrl-visibility-animation-outtan-array" count="4"><param type="float"/></accessor></technique_common></source><source id="master_ctrl-visibility-animation-interpolation"><Name_array id="master_ctrl-visibility-animation-interpolation-array" count="4">
 BEZIER BEZIER STEP STEP</Name_array><technique_common><accessor source="#master_ctrl-visibility-animation-interpolation-array" count="4"><param type="name"/></accessor></technique_common></source><sampler id="master_ctrl-visibility-animation"><input semantic="INPUT" source="#master_ctrl-visibility-animation-input"/><input semantic="OUTPUT" source="#master_ctrl-visibility-animation-output"/><input semantic="IN_TANGENT" source="#master_ctrl-visibility-animation-intan"/><input semantic="OUT_TANGENT" source="#master_ctrl-visibility-animation-outtan"/><input semantic="INTERPOLATION" source="#master_ctrl-visibility-animation-interpolation"/></sampler><channel source="#master_ctrl-visibility-animation" target="master_ctrl/visibility"/></animation></animation>
    <animation id="rig_root_jnt-anim" name="rig_root_jnt"><animation><source id="rig_root_jnt-Matrix-animation-input"><float_array id="rig_root_jnt-Matrix-animation-input-array" count="31">

0.000000 0.033333 0.066667 0.100000 0.133333 0.166667 0.200000 0.233333 0.266667 0.300000 0.333333 0.366667 0.400000 0.433333 0.466667 0.500000
0.533333 0.566667 0.600000 0.633333 0.666667 0.700000 0.733333 0.766667 0.800000 0.833333 0.866667 0.900000 0.933333 0.966667 1.000000</float_array><technique_common><accessor source="#rig_root_jnt-Matrix-animation-input-array" count="31"><param name="TIME" type="float"/></accessor></technique_common></source><source id="rig_root_jnt-Matrix-animation-output-transform"><float_array id="rig_root_jnt-Matrix-animation-output-transform-array" count="496">

1.000000 0.000000 0.000000 0.000000 0.000000 1.000000 0.000000 0.000000 0.000000 0.000000 1.000000 0.000000 0.000000 0.000000 0.000000 1.000000
1.000000 0.000000 0.000000 0.000000 0.000000 1.000000 0.000000 0.000001 0.000000 0.000000 1.000000 0.000000 0.000000 0.000000 0.000000 1.000000
1.000000 0.000000 0.000000 0.000000 0.000000 1.000000 0.000000 0.000011 0.000000 0.000000 1.000000 0.000000 0.000000 0.000000 0.000000 1.000000
1.000000 0.000000 0.000000 0.000000 0.000000 1.000000 0.000000 0.000036 0.000000 0.000000 1.000000 0.000000 0.000000 0.000000 0.000000 1.000000
1.000000 0.000000 0.000000 0.000000 0.000000 1.000000 0.000000 0.000085 0.000000 0.000000 1.000000 0.000000 0.000000 0.000000 0.000000 1.000000
1.000000 0.000000 0.000000 0.000000 0.000000 1.000000 0.000000 0.000166 0.000000 0.000000 1.000000 0.000000 0.000000 0.000000 0.000000 1.000000
1.000000 0.000000 0.000000 0.000000 0.000000 1.000000 0.000000 0.000287 0.000000 0.000000 1.000000 0.000000 0.000000 0.000000 0.000000 1.000000
1.000000 0.000000 0.000000 0.000000 0.000000 1.000000 0.000000 0.000456 0.000000 0.000000 1.000000 0.000000 0.000000 0.000000 0.000000 1.000000
1.000000 0.000000 0.000000 0.000000 0.000000 1.000000 0.000000 0.000681 0.000000 0.000000 1.000000 0.000000 0.000000 0.000000 0.000000 1.000000
1.000000 0.000000 0.000000 0.000000 0.000000 1.000000 0.000000 0.000969 0.000000 0.000000 1.000000 0.000000 0.000000 0.000000 0.000000 1.000000
1.000000 0.000000 0.000000 0.000000 0.000000 1.000000 0.000000 0.001329 0.000000 0.000000 1.000000 0.000000 0.000000 0.000000 0.000000 1.000000
1.000000 0.000000 0.000000 0.000000 0.000000 1.000000 0.000000 0.001769 0.000000 0.000000 1.000000 0.000000 0.000000 0.000000 0.000000 1.000000
1.000000 0.000000 0.000000 0.000000 0.000000 1.000000 0.000000 0.002297 0.000000 0.000000 1.000000 0.000000 0.000000 0.000000 0.000000 1.000000
1.000000 0.000000 0.000000 0.000000 0.000000 1.000000 0.000000 0.002920 0.000000 0.000000 1.000000 0.000000 0.000000 0.000000 0.000000 1.000000
1.000000 0.000000 0.000000 0.000000 0.000000 1.000000 0.000000 0.003647 0.000000 0.000000 1.000000 0.000000 0.000000 0.000000 0.000000 1.000000
1.000000 0.000000 0.000000 0.000000 0.000000 1.000000 0.000000 0.004486 0.000000 0.000000 1.000000 0.000000 0.000000 0.000000 0.000000 1.000000
1.000000 0.000000 0.000000 0.000000 0.000000 1.000000 0.000000 0.005444 0.000000 0.000000 1.000000 0.000000 0.000000 0.000000 0.000000 1.000000
1.000000 0.000000 0.000000 0.000000 0.000000 1.000000 0.000000 0.006530 0.000000 0.000000 1.000000 0.000000 0.000000 0.000000 0.000000 1.000000
1.000000 0.000000 0.000000 0.000000 0.000000 1.000000 0.000000 0.007752 0.000000 0.000000 1.000000 0.000000 0.000000 0.000000 0.000000 1.000000
1.000000 0.000000 0.000000 0.000000 0.000000 1.000000 0.000000 0.018949 0.000000 0.000000 1.000000 0.000000 0.000000 0.000000 0.000000 1.000000
1.000000 0.000000 0.000000 0.000000 0.000000 1.000000 0.000000 0.038932 0.000000 0.000000 1.000000 0.000000 0.000000 0.000000 0.000000 1.000000
1.000000 0.000000 0.000000 0.000000 0.000000 1.000000 0.000000 0.049613 0.000000 0.000000 1.000000 0.000000 0.000000 0.000000 0.000000 1.000000
1.000000 0.000000 0.000000 0.000000 0.000000 1.000000 0.000000 0.024806 0.000000 0.000000 1.000000 0.000000 0.000000 0.000000 0.000000 1.000000
1.000000 0.000000 0.000000 0.000000 0.000000 1.000000 0.000000 0.000000 0.000000 0.000000 1.000000 0.000000 0.000000 0.000000 0.000000 1.000000
1.000000 0.000000 0.000000 0.000000 0.000000 1.000000 0.000000 0.000000 0.000000 0.000000 1.000000 0.000000 0.000000 0.000000 0.000000 1.000000
1.000000 0.000000 0.000000 0.000000 0.000000 1.000000 0.000000 0.000000 0.000000 0.000000 1.000000 0.000000 0.000000 0.000000 0.000000 1.000000
1.000000 0.000000 0.000000 0.000000 0.000000 1.000000 0.000000 0.000000 0.000000 0.000000 1.000000 0.000000 0.000000 0.000000 0.000000 1.000000
1.000000 0.000000 0.000000 0.000000 0.000000 1.000000 0.000000 0.000000 0.000000 0.000000 1.000000 0.000000 0.000000 0.000000 0.000000 1.000000
1.000000 0.000000 0.000000 0.000000 0.000000 1.000000 0.000000 0.000000 0.000000 0.000000 1.000000 0.000000 0.000000 0.000000 0.000000 1.000000
1.000000 0.000000 0.000000 0.000000 0.000000 1.000000 0.000000 0.000000 0.000000 0.000000 1.000000 0.000000 0.000000 0.000000 0.000000 1.000000
1.000000 0.000000 0.000000 0.000000 0.000000 1.000000 0.000000 0.007752 0.000000 0.000000 1.000000 0.000000 0.000000 0.000000 0.000000 1.000000</float_array><technique_common><accessor source="#rig_root_jnt-Matrix-animation-output-transform-array" count="31" stride="16"><param type="float4x4"/></accessor></technique_common></source><source id="rig_root_jnt-Interpolations"><Name_array id="rig_root_jnt-Interpolations-array" count="31">
 LINEAR LINEAR LINEAR LINEAR LINEAR LINEAR LINEAR LINEAR LINEAR LINEAR LINEAR
LINEAR LINEAR LINEAR LINEAR LINEAR LINEAR LINEAR LINEAR LINEAR LINEAR LINEAR LINEAR
LINEAR LINEAR LINEAR LINEAR LINEAR LINEAR LINEAR LINEAR</Name_array><technique_common><accessor source="#rig_root_jnt-Interpolations-array" count="31"><param type="name"/></accessor></technique_common></source><sampler id="rig_root_jnt-Matrix-animation-transform"><input semantic="INPUT" source="#rig_root_jnt-Matrix-animation-input"/><input semantic="OUTPUT" source="#rig_root_jnt-Matrix-animation-output-transform"/><input semantic="INTERPOLATION" source="#rig_root_jnt-Interpolations"/></sampler><channel source="#rig_root_jnt-Matrix-animation-transform" target="rig_root_jnt/matrix"/></animation></animation>
    <animation id="root_jnt-anim" name="root_jnt"><animation><source id="root_jnt-Matrix-animation-input"><float_array id="root_jnt-Matrix-animation-input-array" count="31">

0.000000 0.033333 0.066667 0.100000 0.133333 0.166667 0.200000 0.233333 0.266667 0.300000 0.333333 0.366667 0.400000 0.433333 0.466667 0.500000
0.533333 0.566667 0.600000 0.633333 0.666667 0.700000 0.733333 0.766667 0.800000 0.833333 0.866667 0.900000 0.933333 0.966667 1.000000</float_array><technique_common><accessor source="#root_jnt-Matrix-animation-input-array" count="31"><param name="TIME" type="float"/></accessor></technique_common></source><source id="root_jnt-Matrix-animation-output-transform"><float_array id="root_jnt-Matrix-animation-output-transform-array" count="496">

1.000000 0.000000 0.000000 0.000000 0.000000 1.000000 0.000000 0.000000 0.000000 0.000000 1.000000 0.000000 0.000000 0.000000 0.000000 1.000000
1.000000 0.000000 0.000000 0.000000 0.000000 1.000000 0.000000 0.000001 0.000000 0.000000 1.000000 0.000000 0.000000 0.000000 0.000000 1.000000
1.000000 0.000000 0.000000 0.000000 0.000000 1.000000 0.000000 0.000011 0.000000 0.000000 1.000000 0.000000 0.000000 0.000000 0.000000 1.000000
1.000000 0.000000 0.000000 0.000000 0.000000 1.000000 0.000000 0.000036 0.000000 0.000000 1.000000 0.000000 0.000000 0.000000 0.000000 1.000000
1.000000 0.000000 0.000000 0.000000 0.000000 1.000000 0.000000 0.000085 0.000000 0.000000 1.000000 0.000000 0.000000 0.000000 0.000000 1.000000
1.000000 0.000000 0.000000 0.000000 0.000000 1.000000 0.000000 0.000166 0.000000 0.000000 1.000000 0.000000 0.000000 0.000000 0.000000 1.000000
1.000000 0.000000 0.000000 0.000000 0.000000 1.000000 0.000000 0.000287 0.000000 0.000000 1.000000 0.000000 0.000000 0.000000 0.000000 1.000000
1.000000 0.000000 0.000000 0.000000 0.000000 1.000000 0.000000 0.000456 0.000000 0.000000 1.000000 0.000000 0.000000 0.000000 0.000000 1.000000
1.000000 0.000000 0.000000 0.000000 0.000000 1.000000 0.000000 0.000681 0.000000 0.000000 1.000000 0.000000 0.000000 0.000000 0.000000 1.000000
1.000000 0.000000 0.000000 0.000000 0.000000 1.000000 0.000000 0.000969 0.000000 0.000000 1.000000 0.000000 0.000000 0.000000 0.000000 1.000000
1.000000 0.000000 0.000000 0.000000 0.000000 1.000000 0.000000 0.001329 0.000000 0.000000 1.000000 0.000000 0.000000 0.000000 0.000000 1.000000
1.000000 0.000000 0.000000 0.000000 0.000000 1.000000 0.000000 0.001769 0.000000 0.000000 1.000000 0.000000 0.000000 0.000000 0.000000 1.000000
1.000000 0.000000 0.000000 0.000000 0.000000 1.000000 0.000000 0.002297 0.000000 0.000000 1.000000 0.000000 0.000000 0.000000 0.000000 1.000000
1.000000 0.000000 0.000000 0.000000 0.000000 1.000000 0.000000 0.002920 0.000000 0.000000 1.000000 0.000000 0.000000 0.000000 0.000000 1.000000
1.000000 0.000000 0.000000 0.000000 0.000000 1.000000 0.000000 0.003647 0.000000 0.000000 1.000000 0.000000 0.000000 0.000000 0.000000 1.000000
1.000000 0.000000 0.000000 0.000000 0.000000 1.000000 0.000000 0.004486 0.000000 0.000000 1.000000 0.000000 0.000000 0.000000 0.000000 1.000000
1.000000 0.000000 0.000000 0.000000 0.000000 1.000000 0.000000 0.005444 0.000000 0.000000 1.000000 0.000000 0.000000 0.000000 0.000000 1.000000
1.000000 0.000000 0.000000 0.000000 0.000000 1.000000 0.000000 0.006530 0.000000 0.000000 1.000000 0.000000 0.000000 0.000000 0.000000 1.000000
1.000000 0.000000 0.000000 0.000000 0.000000 1.000000 0.000000 0.007752 0.000000 0.000000 1.000000 0.000000 0.000000 0.000000 0.000000 1.000000
1.000000 0.000000 0.000000 0.000000 0.000000 1.000000 0.000000 0.018949 0.000000 0.000000 1.000000 0.000000 0.000000 0.000000 0.000000 1.000000
1.000000 0.000000 0.000000 0.000000 0.000000 1.000000 0.000000 0.038932 0.000000 0.000000 1.000000 0.000000 0.000000 0.000000 0.000000 1.000000
1.000000 0.000000 0.000000 0.000000 0.000000 1.000000 0.000000 0.049613 0.000000 0.000000 1.000000 0.000000 0.000000 0.000000 0.000000 1.000000
1.000000 0.000000 0.000000 0.000000 0.000000 1.000000 0.000000 0.024806 0.000000 0.000000 1.000000 0.000000 0.000000 0.000000 0.000000 1.000000
1.000000 0.000000 0.000000 0.000000 0.000000 1.000000 0.000000 0.000000 0.000000 0.000000 1.000000 0.000000 0.000000 0.000000 0.000000 1.000000
1.000000 0.000000 0.000000 0.000000 0.000000 1.000000 0.000000 0.000000 0.000000 0.000000 1.000000 0.000000 0.000000 0.000000 0.000000 1.000000
1.000000 0.000000 0.000000 0.000000 0.000000 1.000000 0.000000 0.000000 0.000000 0.000000 1.000000 0.000000 0.000000 0.000000 0.000000 1.000000
1.000000 0.000000 0.000000 0.000000 0.000000 1.000000 0.000000 0.000000 0.000000 0.000000 1.000000 0.000000 0.000000 0.000000 0.000000 1.000000
1.000000 0.000000 0.000000 0.000000 0.000000 1.000000 0.000000 0.000000 0.000000 0.000000 1.000000 0.000000 0.000000 0.000000 0.000000 1.000000
1.000000 0.000000 0.000000 0.000000 0.000000 1.000000 0.000000 0.000000 0.000000 0.000000 1.000000 0.000000 0.000000 0.000000 0.000000 1.000000
1.000000 0.000000 0.000000 0.000000 0.000000 1.000000 0.000000 0.000000 0.000000 0.000000 1.000000 0.000000 0.000000 0.000000 0.000000 1.000000
1.000000 0.000000 0.000000 0.000000 0.000000 1.000000 0.000000 0.007752 0.000000 0.000000 1.000000 0.000000 0.000000 0.000000 0.000000 1.000000</float_array><technique_common><accessor source="#root_jnt-Matrix-animation-output-transform-array" count="31" stride="16"><param type="float4x4"/></accessor></technique_common></source><source id="root_jnt-Interpolations"><Name_array id="root_jnt-Interpolations-array" count="31">
 LINEAR LINEAR LINEAR LINEAR LINEAR LINEAR LINEAR LINEAR LINEAR LINEAR LINEAR
LINEAR LINEAR LINEAR LINEAR LINEAR LINEAR LINEAR LINEAR LINEAR LINEAR LINEAR LINEAR
LINEAR LINEAR LINEAR LINEAR LINEAR LINEAR LINEAR LINEAR</Name_array><technique_common><accessor source="#root_jnt-Interpolations-array" count="31"><param type="name"/></accessor></technique_common></source><sampler id="root_jnt-Matrix-animation-transform"><input semantic="INPUT" source="#root_jnt-Matrix-animation-input"/><input semantic="OUTPUT" source="#root_jnt-Matrix-animation-output-transform"/><input semantic="INTERPOLATION" source="#root_jnt-Interpolations"/></sampler><channel source="#root_jnt-Matrix-animation-transform" target="root_jnt/matrix"/></animation></animation>
    <animation id="neck01_jnt-anim" name="neck01_jnt"><animation><source id="neck01_jnt-Matrix-animation-input"><float_array id="neck01_jnt-Matrix-animation-input-array" count="31">

0.000000 0.033333 0.066667 0.100000 0.133333 0.166667 0.200000 0.233333 0.266667 0.300000 0.333333 0.366667 0.400000 0.433333 0.466667 0.500000
0.533333 0.566667 0.600000 0.633333 0.666667 0.700000 0.733333 0.766667 0.800000 0.833333 0.866667 0.900000 0.933333 0.966667 1.000000</float_array><technique_common><accessor source="#neck01_jnt-Matrix-animation-input-array" count="31"><param name="TIME" type="float"/></accessor></technique_common></source><source id="neck01_jnt-Matrix-animation-output-transform"><float_array id="neck01_jnt-Matrix-animation-output-transform-array" count="496">

0.996862 0.057807 -0.054086 -1.350344 0.029348 0.364661 0.930678 3.468175 0.073523 -0.929344 0.361820 -0.150793 0.000000 0.000000 0.000000 1.000000
0.997036 0.054311 -0.054494 -1.350344 0.027332 0.412059 0.910747 3.468175 0.071918 -0.909537 0.409353 -0.187751 0.000000 0.000000 0.000000 1.000000
0.997434 0.046554 -0.054387 -1.350344 0.022635 0.515650 0.856500 3.468175 0.067918 -0.855533 0.513273 -0.280145 0.000000 0.000000 0.000000 1.000000
0.997878 0.038151 -0.052767 -1.350344 0.017310 0.625779 0.779809 3.468175 0.062771 -0.779067 0.623790 -0.400258 0.000000 0.000000 0.000000 1.000000
0.998248 0.031228 -0.050252 -1.350344 0.012931 0.713664 0.700369 3.468175 0.057734 -0.699792 0.712010 -0.520370 0.000000 0.000000 0.000000 1.000000
0.998490 0.026701 -0.048018 -1.350344 0.010240 0.768215 0.640111 3.468175 0.053980 -0.639635 0.766781 -0.612765 0.000000 0.000000 0.000000 1.000000
0.998576 0.025054 -0.047090 -1.350344 0.009332 0.787139 0.616705 3.468175 0.052517 -0.616266 0.785785 -0.649723 0.000000 0.000000 0.000000 1.000000
0.998709 0.023290 -0.045143 -1.350344 0.011320 0.764305 0.644755 3.468175 0.049520 -0.644434 0.763055 -0.649723 0.000000 0.000000 0.000000 1.000000
0.998830 0.021508 -0.043306 -1.350344 0.013266 0.739369 0.673170 3.468175 0.046497 -0.672957 0.738219 -0.649723 0.000000 0.000000 0.000000 1.000000
0.998776 0.022321 -0.044128 -1.350344 0.012385 0.751002 0.660184 3.468175 0.047876 -0.659923 0.749807 -0.649723 0.000000 0.000000 0.000000 1.000000
0.998720 0.023131 -0.044974 -1.350344 0.011496 0.762160 0.647286 3.468175 0.049250 -0.646975 0.760919 -0.649723 0.000000 0.000000 0.000000 1.000000
0.998720 0.023131 -0.044974 -1.350344 0.011496 0.762160 0.647286 3.468175 0.049250 -0.646975 0.760919 -0.649723 0.000000 0.000000 0.000000 1.000000
0.998720 0.023131 -0.044974 -1.350344 0.011496 0.762160 0.647286 3.468175 0.049250 -0.646975 0.760919 -0.649723 0.000000 0.000000 0.000000 1.000000
0.998720 0.023131 -0.044974 -1.350344 0.011496 0.762160 0.647286 3.468175 0.049250 -0.646975 0.760919 -0.649723 0.000000 0.000000 0.000000 1.000000
0.998720 0.023131 -0.044974 -1.350344 0.011496 0.762160 0.647286 3.468175 0.049250 -0.646975 0.760919 -0.649723 0.000000 0.000000 0.000000 1.000000
0.998720 0.023131 -0.044974 -1.350344 0.011496 0.762160 0.647286 3.468175 0.049250 -0.646975 0.760919 -0.649723 0.000000 0.000000 0.000000 1.000000
0.998720 0.023131 -0.044974 -1.350344 0.011496 0.762160 0.647286 3.468175 0.049250 -0.646975 0.760919 -0.649723 0.000000 0.000000 0.000000 1.000000
0.998720 0.023131 -0.044974 -1.350344 0.011496 0.762160 0.647286 3.468175 0.049250 -0.646975 0.760919 -0.649723 0.000000 0.000000 0.000000 1.000000
0.998720 0.023131 -0.044974 -1.350344 0.011496 0.762160 0.647286 3.468175 0.049250 -0.646975 0.760919 -0.649723 0.000000 0.000000 0.000000 1.000000
0.998649 0.024112 -0.046033 -1.350344 0.010403 0.775140 0.631704 3.468175 0.050914 -0.631329 0.773842 -0.649723 0.000000 0.000000 0.000000 1.000000
0.998531 0.025617 -0.047739 -1.350344 0.008683 0.794093 0.607734 3.468175 0.053477 -0.607256 0.792705 -0.649723 0.000000 0.000000 0.000000 1.000000
0.998387 0.027309 -0.049781 -1.350344 0.006675 0.814218 0.580521 3.468175 0.056386 -0.579916 0.812722 -0.649723 0.000000 0.000000 0.000000 1.000000
0.998241 0.028868 -0.051791 -1.350344 0.004741 0.831815 0.555032 3.468175 0.059103 -0.554301 0.830215 -0.649723 0.000000 0.000000 0.000000 1.000000
0.998126 0.030001 -0.053335 -1.350344 0.003278 0.844107 0.536165 3.468175 0.061106 -0.535335 0.842426 -0.649723 0.000000 0.000000 0.000000 1.000000
0.998080 0.030439 -0.053951 -1.350344 0.002699 0.848751 0.528786 3.468175 0.061887 -0.527916 0.847039 -0.649723 0.000000 0.000000 0.000000 1.000000
0.998134 0.029924 -0.053227 -1.350344 0.003380 0.843280 0.537464 3.468175 0.060968 -0.536641 0.841605 -0.649723 0.000000 0.000000 0.000000 1.000000
0.998265 0.028615 -0.051457 -1.350344 0.005061 0.829018 0.559199 3.468175 0.058660 -0.558489 0.827435 -0.649723 0.000000 0.000000 0.000000 1.000000
0.998425 0.026871 -0.049240 -1.350344 0.007202 0.809126 0.587591 3.468175 0.055631 -0.587021 0.807658 -0.649723 0.000000 0.000000 0.000000 1.000000
0.998574 0.025087 -0.047127 -1.350344 0.009295 0.787551 0.616180 3.468175 0.052573 -0.615739 0.786194 -0.649723 0.000000 0.000000 0.000000 1.000000
0.998680 0.023693 -0.045576 -1.350344 0.010872 0.769663 0.638358 3.468175 0.050203 -0.638011 0.768389 -0.649723 0.000000 0.000000 0.000000 1.000000
0.998720 0.023131 -0.044974 -1.350344 0.011496 0.762160 0.647286 3.468175 0.049250 -0.646975 0.760919 -0.649723 0.000000 0.000000 0.000000 1.000000</float_array><technique_common><accessor source="#neck01_jnt-Matrix-animation-output-transform-array" count="31" stride="16"><param type="float4x4"/></accessor></technique_common></source><source id="neck01_jnt-Interpolations"><Name_array id="neck01_jnt-Interpolations-array" count="31">
 LINEAR LINEAR LINEAR LINEAR LINEAR LINEAR LINEAR LINEAR LINEAR LINEAR LINEAR
LINEAR LINEAR LINEAR LINEAR LINEAR LINEAR LINEAR LINEAR LINEAR LINEAR LINEAR LINEAR
LINEAR LINEAR LINEAR LINEAR LINEAR LINEAR LINEAR LINEAR</Name_array><technique_common><accessor source="#neck01_jnt-Interpolations-array" count="31"><param type="name"/></accessor></technique_common></source><sampler id="neck01_jnt-Matrix-animation-transform"><input semantic="INPUT" source="#neck01_jnt-Matrix-animation-input"/><input semantic="OUTPUT" source="#neck01_jnt-Matrix-animation-output-transform"/><input semantic="INTERPOLATION" source="#neck01_jnt-Interpolations"/></sampler><channel source="#neck01_jnt-Matrix-animation-transform" target="neck01_jnt/matrix"/></animation></animation>
    <animation id="neck02_jnt-anim" name="neck02_jnt"><animation><source id="neck02_jnt-Matrix-animation-input"><float_array id="neck02_jnt-Matrix-animation-input-array" count="31">

0.000000 0.033333 0.066667 0.100000 0.133333 0.166667 0.200000 0.233333 0.266667 0.300000 0.333333 0.366667 0.400000 0.433333 0.466667 0.500000
0.533333 0.566667 0.600000 0.633333 0.666667 0.700000 0.733333 0.766667 0.800000 0.833333 0.866667 0.900000 0.933333 0.966667 1.000000</float_array><technique_common><accessor source="#neck02_jnt-Matrix-animation-input-array" count="31"><param name="TIME" type="float"/></accessor></technique_common></source><source id="neck02_jnt-Matrix-animation-output-transform"><float_array id="neck02_jnt-Matrix-animation-output-transform-array" count="496">

0.999470 -0.020070 0.025631 -0.000000 0.000000 0.787343 0.616516 -0.000000 -0.032553 -0.616189 0.786925 1.061054 0.000000 0.000000 0.000000 1.000000
0.999470 -0.021389 0.024540 0.000000 0.000000 0.753852 0.657044 -0.000000 -0.032553 -0.656696 0.753453 1.061054 0.000000 0.000000 0.000000 1.000000
0.999470 -0.023855 0.022151 0.000000 0.000000 0.680459 0.732786 -0.000000 -0.032553 -0.732398 0.680098 1.061054 0.000000 0.000000 0.000000 1.000000
0.999470 -0.025867 0.019764 0.000000 -0.000000 0.607117 0.794612 -0.000000 -0.032553 -0.794191 0.606796 1.061054 0.000000 0.000000 0.000000 1.000000
0.999470 -0.026998 0.018188 0.000000 -0.000000 0.558725 0.829353 -0.000000 -0.032553 -0.828914 0.558429 1.061054 0.000000 0.000000 0.000000 1.000000
0.999470 -0.027431 0.017529 0.000000 -0.000000 0.538477 0.842640 -0.000000 -0.032553 -0.842193 0.538192 1.061054 0.000000 0.000000 0.000000 1.000000
0.999470 -0.027513 0.017400 -0.000000 -0.000000 0.534512 0.845161 -0.000000 -0.032553 -0.844713 0.534228 1.061054 0.000000 0.000000 0.000000 1.000000
0.999470 -0.026471 0.018947 -0.000000 0.000000 0.582038 0.813161 -0.000000 -0.032553 -0.812730 0.581730 1.061054 0.000000 0.000000 0.000000 1.000000
0.999470 -0.025270 0.020522 -0.000000 0.000000 0.630401 0.776269 -0.000000 -0.032553 -0.775858 0.630067 1.061054 0.000000 0.000000 0.000000 1.000000
0.999470 -0.025838 0.019802 0.000000 0.000000 0.608284 0.793719 -0.000000 -0.032553 -0.793299 0.607962 1.061054 0.000000 0.000000 0.000000 1.000000
0.999470 -0.026370 0.019087 0.000000 0.000000 0.586340 0.810065 -0.000000 -0.032553 -0.809636 0.586029 1.061054 0.000000 0.000000 0.000000 1.000000
0.999470 -0.026370 0.019087 0.000000 0.000000 0.586340 0.810065 -0.000000 -0.032553 -0.809636 0.586029 1.061054 0.000000 0.000000 0.000000 1.000000
0.999470 -0.026370 0.019087 0.000000 0.000000 0.586340 0.810065 -0.000000 -0.032553 -0.809636 0.586029 1.061054 0.000000 0.000000 0.000000 1.000000
0.999470 -0.026370 0.019087 0.000000 0.000000 0.586340 0.810065 -0.000000 -0.032553 -0.809636 0.586029 1.061054 0.000000 0.000000 0.000000 1.000000
0.999470 -0.026370 0.019087 0.000000 0.000000 0.586340 0.810065 -0.000000 -0.032553 -0.809636 0.586029 1.061054 0.000000 0.000000 0.000000 1.000000
0.999470 -0.026370 0.019087 0.000000 0.000000 0.586340 0.810065 -0.000000 -0.032553 -0.809636 0.586029 1.061054 0.000000 0.000000 0.000000 1.000000
0.999470 -0.026370 0.019087 0.000000 0.000000 0.586340 0.810065 -0.000000 -0.032553 -0.809636 0.586029 1.061054 0.000000 0.000000 0.000000 1.000000
0.999470 -0.026370 0.019087 0.000000 0.000000 0.586340 0.810065 -0.000000 -0.032553 -0.809636 0.586029 1.061054 0.000000 0.000000 0.000000 1.000000
0.999470 -0.026370 0.019087 0.000000 0.000000 0.586340 0.810065 -0.000000 -0.032553 -0.809636 0.586029 1.061054 0.000000 0.000000 0.000000 1.000000
0.999470 -0.026973 0.018226 0.000000 0.000000 0.559886 0.828569 -0.000000 -0.032553 -0.828130 0.559590 1.061054 0.000000 0.000000 0.000000 1.000000
0.999470 -0.027818 0.016908 0.000000 0.000000 0.519387 0.854539 -0.000000 -0.032553 -0.854086 0.519111 1.061054 0.000000 0.000000 0.000000 1.000000
0.999470 -0.028668 0.015424 0.000000 0.000000 0.473797 0.880634 -0.000000 -0.032553 -0.880167 0.473546 1.061054 0.000000 0.000000 0.000000 1.000000
0.999470 -0.029366 0.014049 0.000000 0.000000 0.431574 0.902078 -0.000000 -0.032553 -0.901600 0.431345 1.061054 0.000000 0.000000 0.000000 1.000000
0.999470 -0.029826 0.013043 -0.000000 -0.000000 0.400669 0.916223 0.000000 -0.032553 -0.915737 0.400457 1.061054 0.000000 0.000000 0.000000 1.000000
0.999470 -0.029994 0.012653 -0.000000 0.000000 0.388670 0.921377 -0.000000 -0.032553 -0.920889 0.388464 1.061054 0.000000 0.000000 0.000000 1.000000
0.999470 -0.029796 0.013112 0.000000 -0.000000 0.402786 0.915294 -0.000000 -0.032553 -0.914809 0.402573 1.061054 0.000000 0.000000 0.000000 1.000000
0.999470 -0.029258 0.014273 0.000000 -0.000000 0.438440 0.898760 -0.000000 -0.032553 -0.898284 0.438208 1.061054 0.000000 0.000000 0.000000 1.000000
0.999470 -0.028458 0.015808 0.000000 0.000000 0.485596 0.874183 -0.000000 -0.032553 -0.873720 0.485339 1.061054 0.000000 0.000000 0.000000 1.000000
0.999470 -0.027531 0.017371 -0.000000 0.000000 0.533625 0.845721 -0.000000 -0.032553 -0.845273 0.533343 1.061054 0.000000 0.000000 0.000000 1.000000
0.999470 -0.026721 0.018594 -0.000000 0.000000 0.571174 0.820829 -0.000000 -0.032553 -0.820394 0.570871 1.061054 0.000000 0.000000 0.000000 1.000000
0.999470 -0.026370 0.019087 0.000000 0.000000 0.586340 0.810065 -0.000000 -0.032553 -0.809636 0.586029 1.061054 0.000000 0.000000 0.000000 1.000000</float_array><technique_common><accessor source="#neck02_jnt-Matrix-animation-output-transform-array" count="31" stride="16"><param type="float4x4"/></accessor></technique_common></source><source id="neck02_jnt-Interpolations"><Name_array id="neck02_jnt-Interpolations-array" count="31">
 LINEAR LINEAR LINEAR LINEAR LINEAR LINEAR LINEAR LINEAR LINEAR LINEAR LINEAR
LINEAR LINEAR LINEAR LINEAR LINEAR LINEAR LINEAR LINEAR LINEAR LINEAR LINEAR LINEAR
LINEAR LINEAR LINEAR LINEAR LINEAR LINEAR LINEAR LINEAR</Name_array><technique_common><accessor source="#neck02_jnt-Interpolations-array" count="31"><param type="name"/></accessor></technique_common></source><sampler id="neck02_jnt-Matrix-animation-transform"><input semantic="INPUT" source="#neck02_jnt-Matrix-animation-input"/><input semantic="OUTPUT" source="#neck02_jnt-Matrix-animation-output-transform"/><input semantic="INTERPOLATION" source="#neck02_jnt-Interpolations"/></sampler><channel source="#neck02_jnt-Matrix-animation-transform" target="neck02_jnt/matrix"/></animation></animation>
    <animation id="head_jnt-anim" name="head_jnt"><animation><source id="head_jnt-Matrix-animation-input"><float_array id="head_jnt-Matrix-animation-input-array" count="31">

0.000000 0.033333 0.066667 0.100000 0.133333 0.166667 0.200000 0.233333 0.266667 0.300000 0.333333 0.366667 0.400000 0.433333 0.466667 0.500000
0.533333 0.566667 0.600000 0.633333 0.666667 0.700000 0.733333 0.766667 0.800000 0.833333 0.866667 0.900000 0.933333 0.966667 1.000000</float_array><technique_common><accessor source="#head_jnt-Matrix-animation-input-array" count="31"><param name="TIME" type="float"/></accessor></technique_common></source><source id="head_jnt-Matrix-animation-output-transform"><float_array id="head_jnt-Matrix-animation-output-transform-array" count="496">

0.999560 0.013455 0.026430 0.000000 0.029164 -0.284122 -0.958345 0.000000 -0.005385 0.958694 -0.284389 1.151551 0.000000 0.000000 0.000000 1.000000
0.999604 0.011023 0.025883 0.000000 0.027953 -0.285447 -0.957987 0.000000 -0.003172 0.958331 -0.285642 1.151551 0.000000 0.000000 0.000000 1.000000
0.999672 0.005428 0.025023 0.000000 0.025551 -0.274914 -0.961129 0.000000 0.001662 0.961454 -0.274962 1.151551 0.000000 0.000000 0.000000 1.000000
0.999693 -0.000869 0.024769 0.000000 0.023848 -0.238425 -0.970868 0.000000 0.006750 0.971160 -0.238331 1.151551 0.000000 0.000000 0.000000 1.000000
0.999659 -0.006137 0.025362 0.000000 0.023830 -0.181299 -0.983139 0.000000 0.010631 0.983409 -0.181091 1.151551 0.000000 0.000000 0.000000 1.000000
0.999607 -0.009541 0.026369 0.000000 0.024968 -0.125263 -0.991809 0.000000 0.012766 0.992078 -0.124975 1.151551 0.000000 0.000000 0.000000 1.000000
0.999580 -0.010756 0.026906 0.000000 0.025695 -0.100167 -0.994639 0.000000 0.013394 0.994912 -0.099849 1.151551 0.000000 0.000000 0.000000 1.000000
0.999649 -0.009682 0.024651 0.000000 0.023808 -0.079163 -0.996577 0.000000 0.011601 0.996815 -0.078905 1.151551 0.000000 0.000000 0.000000 1.000000
0.999711 -0.008662 0.022439 0.000000 0.021917 -0.056226 -0.998177 0.000000 0.009908 0.998380 -0.056020 1.151551 0.000000 0.000000 0.000000 1.000000
0.999684 -0.009119 0.023439 0.000000 0.022778 -0.066926 -0.997498 0.000000 0.010665 0.997716 -0.066697 1.151551 0.000000 0.000000 0.000000 1.000000
0.999655 -0.009589 0.024450 0.000000 0.023639 -0.077190 -0.996736 0.000000 0.011445 0.996970 -0.076937 1.151551 0.000000 0.000000 0.000000 1.000000
0.999655 -0.009589 0.024450 0.000000 0.023639 -0.077190 -0.996736 0.000000 0.011445 0.996970 -0.076937 1.151551 0.000000 0.000000 0.000000 1.000000
0.999655 -0.009589 0.024450 0.000000 0.023639 -0.077190 -0.996736 0.000000 0.011445 0.996970 -0.076937 1.151551 0.000000 0.000000 0.000000 1.000000
0.999655 -0.009589 0.024450 0.000000 0.023639 -0.077190 -0.996736 0.000000 0.011445 0.996970 -0.076937 1.151551 0.000000 0.000000 0.000000 1.000000
0.999655 -0.009589 0.024450 0.000000 0.023639 -0.077190 -0.996736 0.000000 0.011445 0.996970 -0.076937 1.151551 0.000000 0.000000 0.000000 1.000000
0.999655 -0.009589 0.024450 0.000000 0.023639 -0.077190 -0.996736 0.000000 0.011445 0.996970 -0.076937 1.151551 0.000000 0.000000 0.000000 1.000000
0.999655 -0.009589 0.024450 0.000000 0.023639 -0.077190 -0.996736 0.000000 0.011445 0.996970 -0.076937 1.151551 0.000000 0.000000 0.000000 1.000000
0.999655 -0.009589 0.024450 0.000000 0.023639 -0.077190 -0.996736 0.000000 0.011445 0.996970 -0.076937 1.151551 0.000000 0.000000 0.000000 1.000000
0.999655 -0.009589 0.024450 0.000000 0.023639 -0.077190 -0.996736 0.000000 0.011445 0.996970 -0.076937 1.151551 0.000000 0.000000 0.000000 1.000000
0.999618 -0.010174 0.025692 0.000000 0.024685 -0.089130 -0.995714 0.000000 0.012420 0.995968 -0.088844 1.151551 0.000000 0.000000 0.000000 1.000000
0.999556 -0.011113 0.027640 0.000000 0.026300 -0.106565 -0.993958 0.000000 0.013992 0.994244 -0.106225 1.151551 0.000000 0.000000 0.000000 1.000000
0.999478 -0.012236 0.029896 0.000000 0.028133 -0.125080 -0.991748 0.000000 0.015874 0.992071 -0.124670 1.151551 0.000000 0.000000 0.000000 1.000000
0.999398 -0.013339 0.032042 0.000000 0.029840 -0.141275 -0.989521 0.000000 0.017726 0.989881 -0.140792 1.151551 0.000000 0.000000 0.000000 1.000000
0.999333 -0.014188 0.033646 0.000000 0.031091 -0.152585 -0.987801 0.000000 0.019148 0.988188 -0.152043 1.151551 0.000000 0.000000 0.000000 1.000000
0.999307 -0.014527 0.034276 0.000000 0.031577 -0.156860 -0.987116 0.000000 0.019716 0.987514 -0.156292 1.151551 0.000000 0.000000 0.000000 1.000000
0.999338 -0.014128 0.033535 0.000000 0.031005 -0.151825 -0.987921 0.000000 0.019049 0.988306 -0.151286 1.151551 0.000000 0.000000 0.000000 1.000000
0.999411 -0.013155 0.031689 0.000000 0.029562 -0.138701 -0.989893 0.000000 0.017418 0.990247 -0.138230 1.151551 0.000000 0.000000 0.000000 1.000000
0.999499 -0.011938 0.029306 0.000000 0.027658 -0.120394 -0.992341 0.000000 0.015375 0.992654 -0.120004 1.151551 0.000000 0.000000 0.000000 1.000000
0.999579 -0.010777 0.026949 0.000000 0.025731 -0.100546 -0.994600 0.000000 0.013429 0.994874 -0.100226 1.151551 0.000000 0.000000 0.000000 1.000000
0.999634 -0.009921 0.025159 0.000000 0.024238 -0.084091 -0.996163 0.000000 0.011999 0.996409 -0.083820 1.151551 0.000000 0.000000 0.000000 1.000000
