<?xml version="1.0" encoding="utf-8"?>
<COLLADA xmlns="http://www.collada.org/2005/11/COLLADASchema" version="1.4.1">
  <asset><contributor><author></author><authoring_tool>FBX COLLADA exporter</authoring_tool><comments></comments></contributor><created>2019-11-19T17:17:24Z</created><keywords></keywords><modified>2019-11-19T17:17:24Z</modified><revision></revision><subject></subject><title></title><unit meter="0.010000" name="centimeter"></unit><up_axis>Y_UP</up_axis></asset>
  <library_animations>
    <animation id="rig_root_jnt-anim" name="rig_root_jnt"><animation><source id="rig_root_jnt-Matrix-animation-input"><float_array id="rig_root_jnt-Matrix-animation-input-array" count="31">

0.000000 0.033333 0.066667 0.100000 0.133333 0.166667 0.200000 0.233333 0.266667 0.300000 0.333333 0.366667 0.400000 0.433333 0.466667 0.500000
0.533333 0.566667 0.600000 0.633333 0.666667 0.700000 0.733333 0.766667 0.800000 0.833333 0.866667 0.900000 0.933333 0.966667 1.000000</float_array><technique_common><accessor source="#rig_root_jnt-Matrix-animation-input-array" count="31"><param name="TIME" type="float"/></accessor></technique_common></source><source id="rig_root_jnt-Matrix-animation-output-transform"><float_array id="rig_root_jnt-Matrix-animation-output-transform-array" count="496">

1.000000 0.000000 0.000000 0.000000 0.000000 1.000000 0.000000 0.000000 0.000000 0.000000 1.000000 0.000000 0.000000 0.000000 0.000000 1.000000
1.000000 0.000000 0.000000 0.000000 0.000000 1.000000 0.000000 0.000000 0.000000 0.000000 1.000000 0.000000 0.000000 0.000000 0.000000 1.000000
1.000000 0.000000 0.000000 0.000000 0.000000 1.000000 0.000000 0.000000 0.000000 0.000000 1.000000 0.000000 0.000000 0.000000 0.000000 1.000000
1.000000 0.000000 0.000000 0.000000 0.000000 1.000000 0.000000 0.000000 0.000000 0.000000 1.000000 0.000000 0.000000 0.000000 0.000000 1.000000
1.000000 0.000000 0.000000 0.000000 0.000000 1.000000 0.000000 0.000000 0.000000 0.000000 1.000000 0.000000 0.000000 0.000000 0.000000 1.000000
1.000000 0.000000 0.000000 0.000000 0.000000 1.000000 0.000000 0.000000 0.000000 0.000000 1.000000 0.000000 0.000000 0.000000 0.000000 1.000000
1.000000 0.000000 0.000000 0.000000 0.000000 1.000000 0.000000 0.000000 0.000000 0.000000 1.000000 0.000000 0.000000 0.000000 0.000000 1.000000
1.000000 0.000000 0.000000 0.000000 0.000000 1.000000 0.000000 0.000000 0.000000 0.000000 1.000000 0.000000 0.000000 0.000000 0.000000 1.000000
1.000000 0.000000 0.000000 0.000000 0.000000 1.000000 0.000000 0.000000 0.000000 0.000000 1.000000 0.000000 0.000000 0.000000 0.000000 1.000000
1.000000 0.000000 0.000000 0.000000 0.000000 1.000000 0.000000 0.000000 0.000000 0.000000 1.000000 0.000000 0.000000 0.000000 0.000000 1.000000
1.000000 0.000000 0.000000 0.000000 0.000000 1.000000 0.000000 0.000000 0.000000 0.000000 1.000000 0.000000 0.000000 0.000000 0.000000 1.000000
1.000000 0.000000 0.000000 0.000000 0.000000 1.000000 0.000000 0.000000 0.000000 0.000000 1.000000 0.000000 0.000000 0.000000 0.000000 1.000000
1.000000 0.000000 0.000000 0.000000 0.000000 1.000000 0.000000 0.000000 0.000000 0.000000 1.000000 0.000000 0.000000 0.000000 0.000000 1.000000
1.000000 0.000000 0.000000 0.000000 0.000000 1.000000 0.000000 0.000000 0.000000 0.000000 1.000000 0.000000 0.000000 0.000000 0.000000 1.000000
1.000000 0.000000 0.000000 0.000000 0.000000 1.000000 0.000000 0.000000 0.000000 0.000000 1.000000 0.000000 0.000000 0.000000 0.000000 1.000000
1.000000 0.000000 0.000000 0.000000 0.000000 1.000000 0.000000 0.000000 0.000000 0.000000 1.000000 0.000000 0.000000 0.000000 0.000000 1.000000
1.000000 0.000000 0.000000 0.000000 0.000000 1.000000 0.000000 0.000000 0.000000 0.000000 1.000000 0.000000 0.000000 0.000000 0.000000 1.000000
1.000000 0.000000 0.000000 0.000000 0.000000 1.000000 0.000000 0.000000 0.000000 0.000000 1.000000 0.000000 0.000000 0.000000 0.000000 1.000000
1.000000 0.000000 0.000000 0.000000 0.000000 1.000000 0.000000 0.000000 0.000000 0.000000 1.000000 0.000000 0.000000 0.000000 0.000000 1.000000
1.000000 0.000000 0.000000 0.000000 0.000000 1.000000 0.000000 0.000000 0.000000 0.000000 1.000000 0.000000 0.000000 0.000000 0.000000 1.000000
1.000000 0.000000 0.000000 0.000000 0.000000 1.000000 0.000000 0.000000 0.000000 0.000000 1.000000 0.000000 0.000000 0.000000 0.000000 1.000000
1.000000 0.000000 0.000000 0.000000 0.000000 1.000000 0.000000 0.000000 0.000000 0.000000 1.000000 0.000000 0.000000 0.000000 0.000000 1.000000
1.000000 0.000000 0.000000 0.000000 0.000000 1.000000 0.000000 0.000000 0.000000 0.000000 1.000000 0.000000 0.000000 0.000000 0.000000 1.000000
1.000000 0.000000 0.000000 0.000000 0.000000 1.000000 0.000000 0.000000 0.000000 0.000000 1.000000 0.000000 0.000000 0.000000 0.000000 1.000000
1.000000 0.000000 0.000000 0.000000 0.000000 1.000000 0.000000 0.000000 0.000000 0.000000 1.000000 0.000000 0.000000 0.000000 0.000000 1.000000
1.000000 0.000000 0.000000 0.000000 0.000000 1.000000 0.000000 0.000000 0.000000 0.000000 1.000000 0.000000 0.000000 0.000000 0.000000 1.000000
1.000000 0.000000 0.000000 0.000000 0.000000 1.000000 0.000000 0.000000 0.000000 0.000000 1.000000 0.000000 0.000000 0.000000 0.000000 1.000000
1.000000 0.000000 0.000000 0.000000 0.000000 1.000000 0.000000 0.000000 0.000000 0.000000 1.000000 0.000000 0.000000 0.000000 0.000000 1.000000
1.000000 0.000000 0.000000 0.000000 0.000000 1.000000 0.000000 0.000000 0.000000 0.000000 1.000000 0.000000 0.000000 0.000000 0.000000 1.000000
1.000000 0.000000 0.000000 0.000000 0.000000 1.000000 0.000000 0.000000 0.000000 0.000000 1.000000 0.000000 0.000000 0.000000 0.000000 1.000000
1.000000 0.000000 0.000000 0.000000 0.000000 1.000000 0.000000 0.000000 0.000000 0.000000 1.000000 0.000000 0.000000 0.000000 0.000000 1.000000</float_array><technique_common><accessor source="#rig_root_jnt-Matrix-animation-output-transform-array" count="31" stride="16"><param type="float4x4"/></accessor></technique_common></source><source id="rig_root_jnt-Interpolations"><Name_array id="rig_root_jnt-Interpolations-array" count="31">
 LINEAR LINEAR LINEAR LINEAR LINEAR LINEAR LINEAR LINEAR LINEAR LINEAR LINEAR
LINEAR LINEAR LINEAR LINEAR LINEAR LINEAR LINEAR LINEAR LINEAR LINEAR LINEAR LINEAR
LINEAR LINEAR LINEAR LINEAR LINEAR LINEAR LINEAR LINEAR</Name_array><technique_common><accessor source="#rig_root_jnt-Interpolations-array" count="31"><param type="name"/></accessor></technique_common></source><sampler id="rig_root_jnt-Matrix-animation-transform"><input semantic="INPUT" source="#rig_root_jnt-Matrix-animation-input"/><input semantic="OUTPUT" source="#rig_root_jnt-Matrix-animation-output-transform"/><input semantic="INTERPOLATION" source="#rig_root_jnt-Interpolations"/></sampler><channel source="#rig_root_jnt-Matrix-animation-transform" target="rig_root_jnt/matrix"/></animation></animation>
    <animation id="root_jnt-anim" name="root_jnt"><animation><source id="root_jnt-Matrix-animation-input"><float_array id="root_jnt-Matrix-animation-input-array" count="31">

0.000000 0.033333 0.066667 0.100000 0.133333 0.166667 0.200000 0.233333 0.266667 0.300000 0.333333 0.366667 0.400000 0.433333 0.466667 0.500000
0.533333 0.566667 0.600000 0.633333 0.666667 0.700000 0.733333 0.766667 0.800000 0.833333 0.866667 0.900000 0.933333 0.966667 1.000000</float_array><technique_common><accessor source="#root_jnt-Matrix-animation-input-array" count="31"><param name="TIME" type="float"/></accessor></technique_common></source><source id="root_jnt-Matrix-animation-output-transform"><float_array id="root_jnt-Matrix-animation-output-transform-array" count="496">

1.000000 0.000000 0.000000 0.000000 0.000000 1.000000 0.000000 0.000000 0.000000 0.000000 1.000000 0.000000 0.000000 0.000000 0.000000 1.000000
1.000000 0.000000 0.000000 0.000000 0.000000 1.000000 0.000000 0.000000 0.000000 0.000000 1.000000 0.000000 0.000000 0.000000 0.000000 1.000000
1.000000 0.000000 0.000000 0.000000 0.000000 1.000000 0.000000 0.000000 0.000000 0.000000 1.000000 0.000000 0.000000 0.000000 0.000000 1.000000
1.000000 0.000000 0.000000 0.000000 0.000000 1.000000 0.000000 0.000000 0.000000 0.000000 1.000000 0.000000 0.000000 0.000000 0.000000 1.000000
1.000000 0.000000 0.000000 0.000000 0.000000 1.000000 0.000000 0.000000 0.000000 0.000000 1.000000 0.000000 0.000000 0.000000 0.000000 1.000000
1.000000 0.000000 0.000000 0.000000 0.000000 1.000000 0.000000 0.000000 0.000000 0.000000 1.000000 0.000000 0.000000 0.000000 0.000000 1.000000
1.000000 0.000000 0.000000 0.000000 0.000000 1.000000 0.000000 0.000000 0.000000 0.000000 1.000000 0.000000 0.000000 0.000000 0.000000 1.000000
1.000000 0.000000 0.000000 0.000000 0.000000 1.000000 0.000000 0.000000 0.000000 0.000000 1.000000 0.000000 0.000000 0.000000 0.000000 1.000000
1.000000 0.000000 0.000000 0.000000 0.000000 1.000000 0.000000 0.000000 0.000000 0.000000 1.000000 0.000000 0.000000 0.000000 0.000000 1.000000
1.000000 0.000000 0.000000 0.000000 0.000000 1.000000 0.000000 0.000000 0.000000 0.000000 1.000000 0.000000 0.000000 0.000000 0.000000 1.000000
1.000000 0.000000 0.000000 0.000000 0.000000 1.000000 0.000000 0.000000 0.000000 0.000000 1.000000 0.000000 0.000000 0.000000 0.000000 1.000000
1.000000 0.000000 0.000000 0.000000 0.000000 1.000000 0.000000 0.000000 0.000000 0.000000 1.000000 0.000000 0.000000 0.000000 0.000000 1.000000
1.000000 0.000000 0.000000 0.000000 0.000000 1.000000 0.000000 0.000000 0.000000 0.000000 1.000000 0.000000 0.000000 0.000000 0.000000 1.000000
1.000000 0.000000 0.000000 0.000000 0.000000 1.000000 0.000000 0.000000 0.000000 0.000000 1.000000 0.000000 0.000000 0.000000 0.000000 1.000000
1.000000 0.000000 0.000000 0.000000 0.000000 1.000000 0.000000 0.000000 0.000000 0.000000 1.000000 0.000000 0.000000 0.000000 0.000000 1.000000
1.000000 0.000000 0.000000 0.000000 0.000000 1.000000 0.000000 0.000000 0.000000 0.000000 1.000000 0.000000 0.000000 0.000000 0.000000 1.000000
1.000000 0.000000 0.000000 0.000000 0.000000 1.000000 0.000000 0.000000 0.000000 0.000000 1.000000 0.000000 0.000000 0.000000 0.000000 1.000000
1.000000 0.000000 0.000000 0.000000 0.000000 1.000000 0.000000 0.000000 0.000000 0.000000 1.000000 0.000000 0.000000 0.000000 0.000000 1.000000
1.000000 0.000000 0.000000 0.000000 0.000000 1.000000 0.000000 0.000000 0.000000 0.000000 1.000000 0.000000 0.000000 0.000000 0.000000 1.000000
1.000000 0.000000 0.000000 0.000000 0.000000 1.000000 0.000000 0.000000 0.000000 0.000000 1.000000 0.000000 0.000000 0.000000 0.000000 1.000000
1.000000 0.000000 0.000000 0.000000 0.000000 1.000000 0.000000 0.000000 0.000000 0.000000 1.000000 0.000000 0.000000 0.000000 0.000000 1.000000
1.000000 0.000000 0.000000 0.000000 0.000000 1.000000 0.000000 0.000000 0.000000 0.000000 1.000000 0.000000 0.000000 0.000000 0.000000 1.000000
1.000000 0.000000 0.000000 0.000000 0.000000 1.000000 0.000000 0.000000 0.000000 0.000000 1.000000 0.000000 0.000000 0.000000 0.000000 1.000000
1.000000 0.000000 0.000000 0.000000 0.000000 1.000000 0.000000 0.000000 0.000000 0.000000 1.000000 0.000000 0.000000 0.000000 0.000000 1.000000
1.000000 0.000000 0.000000 0.000000 0.000000 1.000000 0.000000 0.000000 0.000000 0.000000 1.000000 0.000000 0.000000 0.000000 0.000000 1.000000
1.000000 0.000000 0.000000 0.000000 0.000000 1.000000 0.000000 0.000000 0.000000 0.000000 1.000000 0.000000 0.000000 0.000000 0.000000 1.000000
1.000000 0.000000 0.000000 0.000000 0.000000 1.000000 0.000000 0.000000 0.000000 0.000000 1.000000 0.000000 0.000000 0.000000 0.000000 1.000000
1.000000 0.000000 0.000000 0.000000 0.000000 1.000000 0.000000 0.000000 0.000000 0.000000 1.000000 0.000000 0.000000 0.000000 0.000000 1.000000
1.000000 0.000000 0.000000 0.000000 0.000000 1.000000 0.000000 0.000000 0.000000 0.000000 1.000000 0.000000 0.000000 0.000000 0.000000 1.000000
1.000000 0.000000 0.000000 0.000000 0.000000 1.000000 0.000000 0.000000 0.000000 0.000000 1.000000 0.000000 0.000000 0.000000 0.000000 1.000000
1.000000 0.000000 0.000000 0.000000 0.000000 1.000000 0.000000 0.000000 0.000000 0.000000 1.000000 0.000000 0.000000 0.000000 0.000000 1.000000</float_array><technique_common><accessor source="#root_jnt-Matrix-animation-output-transform-array" count="31" stride="16"><param type="float4x4"/></accessor></technique_common></source><source id="root_jnt-Interpolations"><Name_array id="root_jnt-Interpolations-array" count="31">
 LINEAR LINEAR LINEAR LINEAR LINEAR LINEAR LINEAR LINEAR LINEAR LINEAR LINEAR
LINEAR LINEAR LINEAR LINEAR LINEAR LINEAR LINEAR LINEAR LINEAR LINEAR LINEAR LINEAR
LINEAR LINEAR LINEAR LINEAR LINEAR LINEAR LINEAR LINEAR</Name_array><technique_common><accessor source="#root_jnt-Interpolations-array" count="31"><param type="name"/></accessor></technique_common></source><sampler id="root_jnt-Matrix-animation-transform"><input semantic="INPUT" source="#root_jnt-Matrix-animation-input"/><input semantic="OUTPUT" source="#root_jnt-Matrix-animation-output-transform"/><input semantic="INTERPOLATION" source="#root_jnt-Interpolations"/></sampler><channel source="#root_jnt-Matrix-animation-transform" target="root_jnt/matrix"/></animation></animation>
    <animation id="neck01_jnt-anim" name="neck01_jnt"><animation><source id="neck01_jnt-Matrix-animation-input"><float_array id="neck01_jnt-Matrix-animation-input-array" count="31">

0.000000 0.033333 0.066667 0.100000 0.133333 0.166667 0.200000 0.233333 0.266667 0.300000 0.333333 0.366667 0.400000 0.433333 0.466667 0.500000
0.533333 0.566667 0.600000 0.633333 0.666667 0.700000 0.733333 0.766667 0.800000 0.833333 0.866667 0.900000 0.933333 0.966667 1.000000</float_array><technique_common><accessor source="#neck01_jnt-Matrix-animation-input-array" count="31"><param name="TIME" type="float"/></accessor></technique_common></source><source id="neck01_jnt-Matrix-animation-output-transform"><float_array id="neck01_jnt-Matrix-animation-output-transform-array" count="496">

0.999470 0.000000 -0.032553 -1.350344 0.025860 0.607419 0.793961 3.468175 0.019774 -0.794382 0.607097 -0.649723 0.000000 0.000000 0.000000 1.000000
0.999470 0.000000 -0.032553 -1.350344 0.025860 0.607419 0.793961 3.468175 0.019774 -0.794382 0.607097 -0.649723 0.000000 0.000000 0.000000 1.000000
0.999470 0.000000 -0.032553 -1.350344 0.025860 0.607419 0.793961 3.468175 0.019774 -0.794382 0.607097 -0.649723 0.000000 0.000000 0.000000 1.000000
0.999470 0.000000 -0.032553 -1.350344 0.025860 0.607419 0.793961 3.468175 0.019774 -0.794382 0.607097 -0.649723 0.000000 0.000000 0.000000 1.000000
0.999470 0.000000 -0.032553 -1.350344 0.025860 0.607419 0.793961 3.468175 0.019774 -0.794382 0.607097 -0.649723 0.000000 0.000000 0.000000 1.000000
0.999470 0.000000 -0.032553 -1.350344 0.025860 0.607419 0.793961 3.468175 0.019774 -0.794382 0.607097 -0.649723 0.000000 0.000000 0.000000 1.000000
0.999470 0.000000 -0.032553 -1.350344 0.025860 0.607419 0.793961 3.468175 0.019774 -0.794382 0.607097 -0.649723 0.000000 0.000000 0.000000 1.000000
0.999470 0.000000 -0.032553 -1.350344 0.025860 0.607419 0.793961 3.468175 0.019774 -0.794382 0.607097 -0.649723 0.000000 0.000000 0.000000 1.000000
0.999470 0.000000 -0.032553 -1.350344 0.025860 0.607419 0.793961 3.468175 0.019774 -0.794382 0.607097 -0.649723 0.000000 0.000000 0.000000 1.000000
0.999470 0.000000 -0.032553 -1.350344 0.025860 0.607419 0.793961 3.468175 0.019774 -0.794382 0.607097 -0.649723 0.000000 0.000000 0.000000 1.000000
0.999470 0.000000 -0.032553 -1.350344 0.025860 0.607419 0.793961 3.468175 0.019774 -0.794382 0.607097 -0.649723 0.000000 0.000000 0.000000 1.000000
0.999470 -0.000000 -0.032553 -1.350344 0.025860 0.607419 0.793961 3.468175 0.019774 -0.794382 0.607097 -0.649723 0.000000 0.000000 0.000000 1.000000
0.999470 0.000000 -0.032553 -1.350344 0.025860 0.607419 0.793961 3.468175 0.019774 -0.794382 0.607097 -0.649723 0.000000 0.000000 0.000000 1.000000
0.999470 0.000000 -0.032553 -1.350344 0.025860 0.607419 0.793961 3.468175 0.019774 -0.794382 0.607097 -0.649723 0.000000 0.000000 0.000000 1.000000
0.999470 0.000000 -0.032553 -1.350344 0.025860 0.607419 0.793961 3.468175 0.019774 -0.794382 0.607097 -0.649723 0.000000 0.000000 0.000000 1.000000
0.999470 0.000000 -0.032553 -1.350344 0.025860 0.607419 0.793961 3.468175 0.019774 -0.794382 0.607097 -0.649723 0.000000 0.000000 0.000000 1.000000
0.999470 0.000000 -0.032553 -1.350344 0.025860 0.607419 0.793961 3.468175 0.019774 -0.794382 0.607097 -0.649723 0.000000 0.000000 0.000000 1.000000
0.999470 0.000000 -0.032553 -1.350344 0.025860 0.607419 0.793961 3.468175 0.019774 -0.794382 0.607097 -0.649723 0.000000 0.000000 0.000000 1.000000
0.999470 -0.000000 -0.032553 -1.350344 0.025860 0.607419 0.793961 3.468175 0.019774 -0.794382 0.607097 -0.649723 0.000000 0.000000 0.000000 1.000000
0.999470 -0.000000 -0.032553 -1.350344 0.025860 0.607419 0.793961 3.468175 0.019774 -0.794382 0.607097 -0.649723 0.000000 0.000000 0.000000 1.000000
0.999470 -0.000000 -0.032553 -1.350344 0.025860 0.607419 0.793961 3.468175 0.019774 -0.794382 0.607097 -0.649723 0.000000 0.000000 0.000000 1.000000
0.999470 -0.000000 -0.032553 -1.350344 0.025860 0.607419 0.793961 3.468175 0.019774 -0.794382 0.607097 -0.649723 0.000000 0.000000 0.000000 1.000000
0.999470 -0.000000 -0.032553 -1.350344 0.025860 0.607419 0.793961 3.468175 0.019774 -0.794382 0.607097 -0.649723 0.000000 0.000000 0.000000 1.000000
0.999470 -0.000000 -0.032553 -1.350344 0.025860 0.607419 0.793961 3.468175 0.019774 -0.794382 0.607097 -0.649723 0.000000 0.000000 0.000000 1.000000
0.999470 -0.000000 -0.032553 -1.350344 0.025860 0.607419 0.793961 3.468175 0.019774 -0.794382 0.607097 -0.649723 0.000000 0.000000 0.000000 1.000000
0.999470 -0.000000 -0.032553 -1.350344 0.025860 0.607419 0.793961 3.468175 0.019774 -0.794382 0.607097 -0.649723 0.000000 0.000000 0.000000 1.000000
0.999470 -0.000000 -0.032553 -1.350344 0.025860 0.607419 0.793961 3.468175 0.019774 -0.794382 0.607097 -0.649723 0.000000 0.000000 0.000000 1.000000
0.999470 -0.000000 -0.032553 -1.350344 0.025860 0.607419 0.793961 3.468175 0.019774 -0.794382 0.607097 -0.649723 0.000000 0.000000 0.000000 1.000000
0.999470 -0.000000 -0.032553 -1.350344 0.025860 0.607419 0.793961 3.468175 0.019774 -0.794382 0.607097 -0.649723 0.000000 0.000000 0.000000 1.000000
0.999470 -0.000000 -0.032553 -1.350344 0.025860 0.607419 0.793961 3.468175 0.019774 -0.794382 0.607097 -0.649723 0.000000 0.000000 0.000000 1.000000
0.999470 -0.000000 -0.032553 -1.350344 0.025860 0.607419 0.793961 3.468175 0.019774 -0.794382 0.607097 -0.649723 0.000000 0.000000 0.000000 1.000000</float_array><technique_common><accessor source="#neck01_jnt-Matrix-animation-output-transform-array" count="31" stride="16"><param type="float4x4"/></accessor></technique_common></source><source id="neck01_jnt-Interpolations"><Name_array id="neck01_jnt-Interpolations-array" count="31">
 LINEAR LINEAR LINEAR LINEAR LINEAR LINEAR LINEAR LINEAR LINEAR LINEAR LINEAR
LINEAR LINEAR LINEAR LINEAR LINEAR LINEAR LINEAR LINEAR LINEAR LINEAR LINEAR LINEAR
LINEAR LINEAR LINEAR LINEAR LINEAR LINEAR LINEAR LINEAR</Name_array><technique_common><accessor source="#neck01_jnt-Interpolations-array" count="31"><param type="name"/></accessor></technique_common></source><sampler id="neck01_jnt-Matrix-animation-transform"><input semantic="INPUT" source="#neck01_jnt-Matrix-animation-input"/><input semantic="OUTPUT" source="#neck01_jnt-Matrix-animation-output-transform"/><input semantic="INTERPOLATION" source="#neck01_jnt-Interpolations"/></sampler><channel source="#neck01_jnt-Matrix-animation-transform" target="neck01_jnt/matrix"/></animation></animation>
    <animation id="neck02_jnt-anim" name="neck02_jnt"><animation><source id="neck02_jnt-Matrix-animation-input"><float_array id="neck02_jnt-Matrix-animation-input-array" count="31">

0.000000 0.033333 0.066667 0.100000 0.133333 0.166667 0.200000 0.233333 0.266667 0.300000 0.333333 0.366667 0.400000 0.433333 0.466667 0.500000
0.533333 0.566667 0.600000 0.633333 0.666667 0.700000 0.733333 0.766667 0.800000 0.833333 0.866667 0.900000 0.933333 0.966667 1.000000</float_array><technique_common><accessor source="#neck02_jnt-Matrix-animation-input-array" count="31"><param name="TIME" type="float"/></accessor></technique_common></source><source id="neck02_jnt-Matrix-animation-output-transform"><float_array id="neck02_jnt-Matrix-animation-output-transform-array" count="496">

0.999470 -0.003923 0.032316 -0.000000 0.000000 0.992710 0.120524 -0.000000 -0.032553 -0.120460 0.992184 1.061054 0.000000 0.000000 0.000000 1.000000
0.999470 -0.003923 0.032316 -0.000000 0.000000 0.992710 0.120524 -0.000000 -0.032553 -0.120460 0.992184 1.061054 0.000000 0.000000 0.000000 1.000000
0.999470 -0.003923 0.032316 -0.000000 0.000000 0.992710 0.120524 -0.000000 -0.032553 -0.120460 0.992184 1.061054 0.000000 0.000000 0.000000 1.000000
0.999470 -0.003923 0.032316 -0.000000 0.000000 0.992710 0.120524 -0.000000 -0.032553 -0.120460 0.992184 1.061054 0.000000 0.000000 0.000000 1.000000
0.999470 -0.003923 0.032316 -0.000000 0.000000 0.992710 0.120524 -0.000000 -0.032553 -0.120460 0.992184 1.061054 0.000000 0.000000 0.000000 1.000000
0.999470 -0.003923 0.032316 -0.000000 0.000000 0.992710 0.120524 -0.000000 -0.032553 -0.120460 0.992184 1.061054 0.000000 0.000000 0.000000 1.000000
0.999470 -0.003923 0.032316 -0.000000 0.000000 0.992710 0.120524 -0.000000 -0.032553 -0.120460 0.992184 1.061054 0.000000 0.000000 0.000000 1.000000
0.999470 -0.003923 0.032316 -0.000000 0.000000 0.992710 0.120524 -0.000000 -0.032553 -0.120460 0.992184 1.061054 0.000000 0.000000 0.000000 1.000000
0.999470 -0.003923 0.032316 -0.000000 0.000000 0.992710 0.120524 -0.000000 -0.032553 -0.120460 0.992184 1.061054 0.000000 0.000000 0.000000 1.000000
0.999470 -0.003923 0.032316 -0.000000 0.000000 0.992710 0.120524 -0.000000 -0.032553 -0.120460 0.992184 1.061054 0.000000 0.000000 0.000000 1.000000
0.999470 -0.003923 0.032316 -0.000000 0.000000 0.992710 0.120524 -0.000000 -0.032553 -0.120460 0.992184 1.061054 0.000000 0.000000 0.000000 1.000000
0.999470 -0.003923 0.032316 0.000000 0.000000 0.992710 0.120524 -0.000000 -0.032553 -0.120460 0.992184 1.061054 0.000000 0.000000 0.000000 1.000000
0.999470 -0.003923 0.032316 0.000000 0.000000 0.992710 0.120524 -0.000000 -0.032553 -0.120460 0.992184 1.061054 0.000000 0.000000 0.000000 1.000000
0.999470 -0.003923 0.032316 0.000000 0.000000 0.992710 0.120524 -0.000000 -0.032553 -0.120460 0.992184 1.061054 0.000000 0.000000 0.000000 1.000000
0.999470 -0.003923 0.032316 0.000000 0.000000 0.992710 0.120524 -0.000000 -0.032553 -0.120460 0.992184 1.061054 0.000000 0.000000 0.000000 1.000000
0.999470 -0.003923 0.032316 0.000000 0.000000 0.992710 0.120524 -0.000000 -0.032553 -0.120460 0.992184 1.061054 0.000000 0.000000 0.000000 1.000000
0.999470 -0.003923 0.032316 0.000000 0.000000 0.992710 0.120524 -0.000000 -0.032553 -0.120460 0.992184 1.061054 0.000000 0.000000 0.000000 1.000000
0.999470 -0.003923 0.032316 0.000000 0.000000 0.992710 0.120524 -0.000000 -0.032553 -0.120460 0.992184 1.061054 0.000000 0.000000 0.000000 1.000000
0.999470 -0.003923 0.032316 0.000000 0.000000 0.992710 0.120524 -0.000000 -0.032553 -0.120460 0.992184 1.061054 0.000000 0.000000 0.000000 1.000000
0.999470 -0.003923 0.032316 0.000000 0.000000 0.992710 0.120524 -0.000000 -0.032553 -0.120460 0.992184 1.061054 0.000000 0.000000 0.000000 1.000000
0.999470 -0.003923 0.032316 0.000000 0.000000 0.992710 0.120524 -0.000000 -0.032553 -0.120460 0.992184 1.061054 0.000000 0.000000 0.000000 1.000000
0.999470 -0.003923 0.032316 0.000000 0.000000 0.992710 0.120524 -0.000000 -0.032553 -0.120460 0.992184 1.061054 0.000000 0.000000 0.000000 1.000000
0.999470 -0.003923 0.032316 0.000000 0.000000 0.992710 0.120524 -0.000000 -0.032553 -0.120460 0.992184 1.061054 0.000000 0.000000 0.000000 1.000000
0.999470 -0.003923 0.032316 0.000000 0.000000 0.992710 0.120524 -0.000000 -0.032553 -0.120460 0.992184 1.061054 0.000000 0.000000 0.000000 1.000000
0.999470 -0.003923 0.032316 0.000000 0.000000 0.992710 0.120524 -0.000000 -0.032553 -0.120460 0.992184 1.061054 0.000000 0.000000 0.000000 1.000000
0.999470 -0.003923 0.032316 0.000000 0.000000 0.992710 0.120524 -0.000000 -0.032553 -0.120460 0.992184 1.061054 0.000000 0.000000 0.000000 1.000000
0.999470 -0.003923 0.032316 0.000000 0.000000 0.992710 0.120524 -0.000000 -0.032553 -0.120460 0.992184 1.061054 0.000000 0.000000 0.000000 1.000000
0.999470 -0.003923 0.032316 0.000000 0.000000 0.992710 0.120524 -0.000000 -0.032553 -0.120460 0.992184 1.061054 0.000000 0.000000 0.000000 1.000000
0.999470 -0.003923 0.032316 0.000000 0.000000 0.992710 0.120524 -0.000000 -0.032553 -0.120460 0.992184 1.061054 0.000000 0.000000 0.000000 1.000000
0.999470 -0.003923 0.032316 0.000000 0.000000 0.992710 0.120524 -0.000000 -0.032553 -0.120460 0.992184 1.061054 0.000000 0.000000 0.000000 1.000000
0.999470 -0.003923 0.032316 0.000000 0.000000 0.992710 0.120524 -0.000000 -0.032553 -0.120460 0.992184 1.061054 0.000000 0.000000 0.000000 1.000000</float_array><technique_common><accessor source="#neck02_jnt-Matrix-animation-output-transform-array" count="31" stride="16"><param type="float4x4"/></accessor></technique_common></source><source id="neck02_jnt-Interpolations"><Name_array id="neck02_jnt-Interpolations-array" count="31">
 LINEAR LINEAR LINEAR LINEAR LINEAR LINEAR LINEAR LINEAR LINEAR LINEAR LINEAR
LINEAR LINEAR LINEAR LINEAR LINEAR LINEAR LINEAR LINEAR LINEAR LINEAR LINEAR LINEAR
LINEAR LINEAR LINEAR LINEAR LINEAR LINEAR LINEAR LINEAR</Name_array><technique_common><accessor source="#neck02_jnt-Interpolations-array" count="31"><param type="name"/></accessor></technique_common></source><sampler id="neck02_jnt-Matrix-animation-transform"><input semantic="INPUT" source="#neck02_jnt-Matrix-animation-input"/><input semantic="OUTPUT" source="#neck02_jnt-Matrix-animation-output-transform"/><input semantic="INTERPOLATION" source="#neck02_jnt-Interpolations"/></sampler><channel source="#neck02_jnt-Matrix-animation-transform" target="neck02_jnt/matrix"/></animation></animation>
    <animation id="head_jnt-anim" name="head_jnt"><animation><source id="head_jnt-Matrix-animation-input"><float_array id="head_jnt-Matrix-animation-input-array" count="31">

0.000000 0.033333 0.066667 0.100000 0.133333 0.166667 0.200000 0.233333 0.266667 0.300000 0.333333 0.366667 0.400000 0.433333 0.466667 0.500000
0.533333 0.566667 0.600000 0.633333 0.666667 0.700000 0.733333 0.766667 0.800000 0.833333 0.866667 0.900000 0.933333 0.966667 1.000000</float_array><technique_common><accessor source="#head_jnt-Matrix-animation-input-array" count="31"><param name="TIME" type="float"/></accessor></technique_common></source><source id="head_jnt-Matrix-animation-output-transform"><float_array id="head_jnt-Matrix-animation-output-transform-array" count="496">

0.000000 -0.000000 1.000000 0.000000 0.861800 0.507249 -0.000000 0.000000 -0.507249 0.861800 0.000000 1.151551 0.000000 0.000000 0.000000 1.000000
0.013497 -0.000000 0.999909 0.000000 0.861721 0.507249 -0.011631 0.000000 -0.507203 0.861800 0.006846 1.151551 0.000000 0.000000 0.000000 1.000000
0.052103 -0.000000 0.998642 0.000000 0.860629 0.507249 -0.044903 0.000000 -0.506560 0.861800 0.026429 1.151551 0.000000 0.000000 0.000000 1.000000
0.112856 0.000000 0.993611 0.000000 0.856294 0.507249 -0.097260 0.000000 -0.504008 0.861800 0.057246 1.151551 0.000000 0.000000 0.000000 1.000000
0.192408 -0.000000 0.981315 0.000000 0.845697 0.507249 -0.165817 0.000000 -0.497771 0.861800 0.097599 1.151551 0.000000 0.000000 0.000000 1.000000
0.286803 0.000000 0.957989 0.000000 0.825595 0.507249 -0.247167 0.000000 -0.485939 0.861800 0.145481 1.151551 0.000000 0.000000 0.000000 1.000000
0.391374 -0.000000 0.920232 0.000000 0.793055 0.507249 -0.337286 0.000000 -0.466787 0.861800 0.198524 1.151551 0.000000 0.000000 0.000000 1.000000
0.500806 -0.000000 0.865560 0.000000 0.745939 0.507249 -0.431594 0.000000 -0.439054 0.861800 0.254033 1.151551 0.000000 0.000000 0.000000 1.000000
0.609407 0.000000 0.792857 0.000000 0.683284 0.507249 -0.525187 0.000000 -0.402176 0.861800 0.309121 1.151551 0.000000 0.000000 0.000000 1.000000
0.711536 0.000000 0.702650 0.000000 0.605543 0.507249 -0.613201 0.000000 -0.356418 0.861800 0.360926 1.151551 0.000000 0.000000 0.000000 1.000000
0.802123 0.000000 0.597159 0.000000 0.514631 0.507249 -0.691269 0.000000 -0.302908 0.861800 0.406876 1.151551 0.000000 0.000000 0.000000 1.000000
0.877202 -0.000000 0.480121 0.000000 0.413768 0.507249 -0.755972 0.000000 -0.243541 0.861800 0.444960 1.151551 0.000000 0.000000 0.000000 1.000000
0.934329 0.000000 0.356412 0.000000 0.307156 0.507249 -0.805204 0.000000 -0.180790 0.861800 0.473937 1.151551 0.000000 0.000000 0.000000 1.000000
0.972830 0.000000 0.231522 0.000000 0.199525 0.507249 -0.838384 0.000000 -0.117439 0.861800 0.493467 1.151551 0.000000 0.000000 0.000000 1.000000
0.993820 -0.000000 0.111006 0.000000 0.095665 0.507249 -0.856473 0.000000 -0.056308 0.861800 0.504114 1.151551 0.000000 0.000000 0.000000 1.000000
1.000000 -0.000000 0.000000 0.000000 0.000000 0.507249 -0.861800 0.000000 0.000000 0.861800 0.507249 1.151551 0.000000 0.000000 0.000000 1.000000
0.993820 0.000000 -0.111006 0.000000 -0.095665 0.507249 -0.856473 0.000000 0.056308 0.861800 0.504114 1.151551 0.000000 0.000000 0.000000 1.000000
0.972830 -0.000000 -0.231522 0.000000 -0.199525 0.507249 -0.838384 0.000000 0.117439 0.861800 0.493467 1.151551 0.000000 0.000000 0.000000 1.000000
0.934329 -0.000000 -0.356412 0.000000 -0.307156 0.507249 -0.805204 0.000000 0.180790 0.861800 0.473937 1.151551 0.000000 0.000000 0.000000 1.000000
0.877202 0.000000 -0.480121 0.000000 -0.413768 0.507249 -0.755972 0.000000 0.243541 0.861800 0.444960 1.151551 0.000000 0.000000 0.000000 1.000000
0.802123 -0.000000 -0.597159 0.000000 -0.514631 0.507249 -0.691269 0.000000 0.302908 0.861800 0.406876 1.151551 0.000000 0.000000 0.000000 1.000000
0.711536 -0.000000 -0.702650 0.000000 -0.605543 0.507249 -0.613201 0.000000 0.356418 0.861800 0.360926 1.151551 0.000000 0.000000 0.000000 1.000000
0.609407 -0.000000 -0.792857 0.000000 -0.683284 0.507249 -0.525187 0.000000 0.402176 0.861800 0.309121 1.151551 0.000000 0.000000 0.000000 1.000000
0.500806 0.000000 -0.865560 0.000000 -0.745939 0.507249 -0.431594 0.000000 0.439054 0.861800 0.254033 1.151551 0.000000 0.000000 0.000000 1.000000
0.391374 0.000000 -0.920232 0.000000 -0.793055 0.507249 -0.337286 0.000000 0.466787 0.861800 0.198524 1.151551 0.000000 0.000000 0.000000 1.000000
0.286803 -0.000000 -0.957989 0.000000 -0.825595 0.507249 -0.247167 0.000000 0.485939 0.861800 0.145481 1.151551 0.000000 0.000000 0.000000 1.000000
0.192408 0.000000 -0.981315 0.000000 -0.845697 0.507249 -0.165817 0.000000 0.497771 0.861800 0.097599 1.151551 0.000000 0.000000 0.000000 1.000000
0.112856 -0.000000 -0.993611 0.000000 -0.856294 0.507249 -0.097260 0.000000 0.504008 0.861800 0.057246 1.151551 0.000000 0.000000 0.000000 1.000000
0.052103 0.000000 -0.998642 0.000000 -0.860629 0.507249 -0.044903 0.000000 0.506560 0.861800 0.026429 1.151551 0.000000 0.000000 0.000000 1.000000
0.013497 0.000000 -0.999909 0.000000 -0.861721 0.507249 -0.011631 0.000000 0.507203 0.861800 0.006846 1.151551 0.000000 0.000000 0.000000 1.000000
0.000000 0.000000 -1.000000 0.000000 -0.861800 0.507249 -0.000000 0.000000 0.507249 0.861800 0.000000 1.151551 0.000000 0.000000 0.000000 1.000000</float_array><technique_common><accessor source="#head_jnt-Matrix-animation-output-transform-array" count="31" stride="16"><param type="float4x4"/></accessor></technique_common></source><source id="head_jnt-Interpolations"><Name_array id="head_jnt-Interpolations-array" count="31">
 LINEAR LINEAR LINEAR LINEAR LINEAR LINEAR LINEAR LINEAR LINEAR LINEAR LINEAR
LINEAR LINEAR LINEAR LINEAR LINEAR LINEAR LINEAR LINEAR LINEAR LINEAR LINEAR LINEAR
LINEAR LINEAR LINEAR LINEAR LINEAR LINEAR LINEAR LINEAR</Name_array><technique_common><accessor source="#head_jnt-Interpolations-array" count="31"><param type="name"/></accessor></technique_common></source><sampler id="head_jnt-Matrix-animation-transform"><input semantic="INPUT" source="#head_jnt-Matrix-animation-input"/><input semantic="OUTPUT" source="#head_jnt-Matrix-animation-output-transform"/><input semantic="INTERPOLATION" source="#head_jnt-Interpolations"/></sampler><channel source="#head_jnt-Matrix-animation-transform" target="head_jnt/matrix"/></animation></animation>
    <animation id="eye01_jnt-anim" name="eye01_jnt"><animation><source id="eye01_jnt-Matrix-animation-input"><float_array id="eye01_jnt-Matrix-animation-input-array" count="31">

0.000000 0.033333 0.066667 0.100000 0.133333 0.166667 0.200000 0.233333 0.266667 0.300000 0.333333 0.366667 0.400000 0.433333 0.466667 0.500000
0.533333 0.566667 0.600000 0.633333 0.666667 0.700000 0.733333 0.766667 0.800000 0.833333 0.866667 0.900000 0.933333 0.966667 1.000000</float_array><technique_common><accessor source="#eye01_jnt-Matrix-animation-input-array" count="31"><param name="TIME" type="float"/></accessor></technique_common></source><source id="eye01_jnt-Matrix-animation-output-transform"><float_array id="eye01_jnt-Matrix-animation-output-transform-array" count="496">

1.000000 0.000000 0.000000 0.034620 -0.000000 3.200000 -0.000000 0.840940 0.000000 0.000000 1.000000 2.657149 0.000000 0.000000 0.000000 1.000000
1.000000 0.000000 0.000000 0.034620 -0.000000 3.200000 -0.000000 0.840940 0.000000 -0.000000 1.000000 2.657149 0.000000 0.000000 0.000000 1.000000
1.000000 -0.000000 0.000000 0.034620 0.000000 3.200000 0.000000 0.840940 0.000000 0.000000 1.000000 2.657149 0.000000 0.000000 0.000000 1.000000
1.000000 -0.000000 0.000000 0.034620 0.000000 3.200000 0.000000 0.840940 0.000000 -0.000000 1.000000 2.657149 0.000000 0.000000 0.000000 1.000000
1.000000 0.000000 -0.000000 0.034620 0.000000 3.200000 0.000000 0.840940 -0.000000 0.000000 1.000000 2.657149 0.000000 0.000000 0.000000 1.000000
1.000000 0.000000 0.000000 0.034620 0.000000 3.200000 0.000000 0.840940 0.000000 0.000000 1.000000 2.657149 0.000000 0.000000 0.000000 1.000000
1.000000 0.000000 -0.000000 0.034620 -0.000000 3.200000 0.000000 0.840940 -0.000000 -0.000000 1.000000 2.657149 0.000000 0.000000 0.000000 1.000000
1.000000 0.000000 -0.000000 0.034620 -0.000000 3.200000 -0.000000 0.840940 0.000000 -0.000000 1.000000 2.657149 0.000000 0.000000 0.000000 1.000000
1.000000 0.000000 0.000000 0.034620 0.000000 3.200000 0.000000 0.840940 -0.000000 0.000000 1.000000 2.657149 0.000000 0.000000 0.000000 1.000000
1.000000 0.000000 0.000000 0.034620 0.000000 3.200000 0.000000 0.840940 0.000000 0.000000 1.000000 2.657149 0.000000 0.000000 0.000000 1.000000
1.000000 0.000000 0.000000 0.034620 0.000000 3.200000 0.000000 0.840940 0.000000 -0.000000 1.000000 2.657149 0.000000 0.000000 0.000000 1.000000
1.000000 0.000000 0.000000 0.034620 0.000000 3.200000 0.000000 0.840940 0.000000 -0.000000 1.000000 2.657149 0.000000 0.000000 0.000000 1.000000
1.000000 0.000000 0.000000 0.034620 0.000000 3.200000 -0.000000 0.840940 -0.000000 0.000000 1.000000 2.657149 0.000000 0.000000 0.000000 1.000000
1.000000 0.000000 0.000000 0.034620 -0.000000 3.200000 0.000000 0.840940 -0.000000 0.000000 1.000000 2.657149 0.000000 0.000000 0.000000 1.000000
1.000000 -0.000000 0.000000 0.034620 0.000000 3.200000 -0.000000 0.840940 -0.000000 0.000000 1.000000 2.657149 0.000000 0.000000 0.000000 1.000000
1.000000 -0.000000 -0.000000 0.034620 -0.000000 3.200000 -0.000000 0.840940 0.000000 0.000000 1.000000 2.657149 0.000000 0.000000 0.000000 1.000000
1.000000 -0.000000 0.000000 0.034620 0.000000 3.200000 -0.000000 0.840940 0.000000 0.000000 1.000000 2.657149 0.000000 0.000000 0.000000 1.000000
1.000000 -0.000000 0.000000 0.034620 -0.000000 3.200000 0.000000 0.840940 0.000000 -0.000000 1.000000 2.657149 0.000000 0.000000 0.000000 1.000000
1.000000 0.000000 -0.000000 0.034620 -0.000000 3.200000 -0.000000 0.840940 -0.000000 0.000000 1.000000 2.657149 0.000000 0.000000 0.000000 1.000000
1.000000 0.000000 0.000000 0.034620 0.000000 3.200000 0.000000 0.840940 0.000000 0.000000 1.000000 2.657149 0.000000 0.000000 0.000000 1.000000
1.000000 -0.000000 -0.000000 0.034620 0.000000 3.200000 -0.000000 0.840940 0.000000 -0.000000 1.000000 2.657149 0.000000 0.000000 0.000000 1.000000
1.000000 -0.000000 -0.000000 0.034620 -0.000000 3.200000 0.000000 0.840940 0.000000 -0.000000 1.000000 2.657149 0.000000 0.000000 0.000000 1.000000
1.000000 -0.000000 0.000000 0.034620 0.000000 3.200000 0.000000 0.840940 0.000000 0.000000 1.000000 2.657149 0.000000 0.000000 0.000000 1.000000
1.000000 -0.000000 0.000000 0.034620 0.000000 3.200000 0.000000 0.840940 -0.000000 0.000000 1.000000 2.657149 0.000000 0.000000 0.000000 1.000000
1.000000 0.000000 0.000000 0.034620 0.000000 3.200000 0.000000 0.840940 0.000000 -0.000000 1.000000 2.657149 0.000000 0.000000 0.000000 1.000000
1.000000 -0.000000 0.000000 0.034620 0.000000 3.200000 -0.000000 0.840940 0.000000 0.000000 1.000000 2.657149 0.000000 0.000000 0.000000 1.000000
1.000000 0.000000 0.000000 0.034620 0.000000 3.200000 -0.000000 0.840940 0.000000 -0.000000 1.000000 2.657149 0.000000 0.000000 0.000000 1.000000
1.000000 -0.000000 -0.000000 0.034620 -0.000000 3.200000 -0.000000 0.840940 -0.000000 0.000000 1.000000 2.657149 0.000000 0.000000 0.000000 1.000000
1.000000 -0.000000 -0.000000 0.034620 0.000000 3.200000 0.000000 0.840940 0.000000 0.000000 1.000000 2.657149 0.000000 0.000000 0.000000 1.000000
1.000000 0.000000 -0.000000 0.034620 0.000000 3.200000 0.000000 0.840940 -0.000000 0.000000 1.000000 2.657149 0.000000 0.000000 0.000000 1.000000
1.000000 0.000000 -0.000000 0.034620 0.000000 3.200000 -0.000000 0.840940 0.000000 -0.000000 1.000000 2.657149 0.000000 0.000000 0.000000 1.000000</float_array><technique_common><accessor source="#eye01_jnt-Matrix-animation-output-transform-array" count="31" stride="16"><param type="float4x4"/></accessor></technique_common></source><source id="eye01_jnt-Interpolations"><Name_array id="eye01_jnt-Interpolations-array" count="31">
 LINEAR LINEAR LINEAR LINEAR LINEAR LINEAR LINEAR LINEAR LINEAR LINEAR LINEAR
LINEAR LINEAR LINEAR LINEAR LINEAR LINEAR LINEAR LINEAR LINEAR LINEAR LINEAR LINEAR
LINEAR LINEAR LINEAR LINEAR LINEAR LINEAR LINEAR LINEAR</Name_array><technique_common><accessor source="#eye01_jnt-Interpolations-array" count="31"><param type="name"/></accessor></technique_common></source><sampler id="eye01_jnt-Matrix-animation-transform"><input semantic="INPUT" source="#eye01_jnt-Matrix-animation-input"/><input semantic="OUTPUT" source="#eye01_jnt-Matrix-animation-output-transform"/><input semantic="INTERPOLATION" source="#eye01_jnt-Interpolations"/></sampler><channel source="#eye01_jnt-Matrix-animation-transform" target="eye01_jnt/matrix"/></animation></animation>
    <animation id="l_arm01_jnt-anim" name="l_arm01_jnt"><animation><source id="l_arm01_jnt-Matrix-animation-input"><float_array id="l_arm01_jnt-Matrix-animation-input-array" count="31">

0.000000 0.033333 0.066667 0.100000 0.133333 0.166667 0.200000 0.233333 0.266667 0.300000 0.333333 0.366667 0.400000 0.433333 0.466667 0.500000
0.533333 0.566667 0.600000 0.633333 0.666667 0.700000 0.733333 0.766667 0.800000 0.833333 0.866667 0.900000 0.933333 0.966667 1.000000</float_array><technique_common><accessor source="#l_arm01_jnt-Matrix-animation-input-array" count="31"><param name="TIME" type="float"/></accessor></technique_common></source><source id="l_arm01_jnt-Matrix-animation-output-transform"><float_array id="l_arm01_jnt-Matrix-animation-output-transform-array" count="496">

0.999333 -0.024028 -0.027491 2.142511 -0.000000 0.752932 -0.658098 3.683497 0.036512 0.657659 0.752430 -0.000000 0.000000 0.000000 0.000000 1.000000
0.999333 -0.024028 -0.027491 2.142511 -0.000000 0.752932 -0.658098 3.683497 0.036512 0.657659 0.752430 -0.000000 0.000000 0.000000 0.000000 1.000000
0.999333 -0.024028 -0.027491 2.142511 -0.000000 0.752932 -0.658098 3.683497 0.036512 0.657659 0.752430 -0.000000 0.000000 0.000000 0.000000 1.000000
